Выработка. Результирующий расчет
18.87355682840799
18.091087879713466
16.20172836120977
14.22882287898328
11.619674241534572
10.543213556717868
10.425722305441768
8.749356461136598
8.807954248145458
10.699500562565712
15.475771859637945
12.485790923919602
12.06445463373959
11.518899657708605
12.58145024571057
6.82465711315596
11.198480785315397
15.424458058246623
21.24379908618688
27.50733904654141
25.377699979203847
20.841125230694978
21.448212911550222
20.27102562322479
16.166374750626503
15.20567228381219
12.60194779004958
9.721389118018232
2.073054222808976
1.2488314034435875
1.4311320627919968
2.8509318869525133
3.7772137585844616
3.6972451530304364
4.422428923636321
5.434835156552245
8.01773587812586
11.382934719422876
14.825401964812501
22.430384593484497
29.744668398278513
39.009025981264614
44.56189500708371
47.409765051501914
49.65066623742656
51.66084178575147
50.728060314684186
51.81327640752983
58.86789368669639
56.94359207894459
57.16833513376541
58.61441398171222
52.470643757527974
50.53473807834992
49.098276726019826
50.42154017160396
45.93016511061441
42.29409173479143
40.59392061684585
37.21423465080625
37.198552484870326
36.05925391299276
33.016013977751335
29.642864716166358
30.826461389845843
30.074677008507877
25.497907991487047
21.1570789804367
18.13295777262173
18.754731978960006
11.280921473468338
6.437981362571885
3.2042457075918938
1.034791042120277
1.2749051141120182
1.2416562620615428
1.046940751543092
0.5586433113219056
0.4368139494111348
0.42304436455387356
1.1501539102633773
1.26239309562908
1.7081623789469353
2.112841820475685
3.796017755616793
6.007079048602926
7.517827782252889
7.930869809151161
7.792583181976478
7.059301756543535
6.899475819643941
6.507345721255934
6.899881129266456
6.689187305865716
6.003844632615952
4.990341689592553
4.542392652082992
3.4736023294748586
2.4714736703342797
0.49253953317309745
0.006879356238201117
0.005182359201339315
0.09110878271616818
0.2733142170416176
0.7675518665342654
1.312417873452459
1.6644192666568896
2.5924757437604544
3.018935856461012
3.772003516641317
5.750962224573212
8.659384302355754
9.87102897648799
10.218774632038475
11.14445477025856
11.849555314281183
12.978195809226875
18.63350278393622
16.088364080675717
15.374082058377386
17.575414423791653
21.041414985642742
25.370844689743542
33.28931129642541
39.46087635398128
44.699071680536235
46.50598740611247
47.5537406834507
44.624078579937525
51.29541244454265
53.63177257912906
57.26613365106499
56.624284148986575
50.76319661635955
43.098954313610996
40.30726027912832
30.575021959332144
28.16188049342085
27.74582209746515
32.033794949187524
33.09600420931985
34.103372893005286
38.68881352523768
36.155249381087955
33.765083183713614
32.086915832637075
36.40572105339022
29.190902550355666
33.20394517382436
32.470115940146115
32.63020234767574
32.76209744742409
33.37435797364602
33.72244999380873
33.378275806436775
31.888262861982707
37.227372568551786
40.3851958657146
41.71532149019298
40.91571842320848
40.47552223905442
33.042195314916455
27.735002813136067
26.19946789114269
20.828801037593664
18.097375281823833
15.617819632639454
6.008905865761002
14.751679257751087
15.769558328560652
18.40920555735539
22.65287910985089
24.982981263267813
25.32741692752583
31.995634296715675
28.623536986358392
28.029799568465766
26.530388418337452
26.86721590125573
30.149228672587526
36.24344770629437
44.43983790736744
50.47700413239337
52.035184680209994
51.92687504064835
46.714497189201744
49.47386968872551
56.335172021312545
58.50131521780874
59.24979504181131
62.856074873190174
59.963659046359005
59.14771188743544
61.547611603004675
59.19215558540024
63.33982613899868
65.38706915293945
67.04453765877376
69.29462345482744
70.37713632223662
71.7731471844609
72.03955052295197
72.96939967148097
73.52065438270172
74.78513322810912
75.7544416710131
76.68842371735133
75.9030180348172
74.60463578124434
71.10974298079611
75.91299533077782
73.71844594499363
73.7209435271221
73.40597808789185
71.78153304599074
72.70237304239399
69.23034474466722
69.70429593951073
73.82336567083698
69.90802962807957
70.95808409181106
71.8274747654474
72.51029477082342
72.74530134567806
72.82373091722293
72.48659688769524
71.97347754987088
71.57638834932341
71.11113269242433
67.9673627803262
62.63041717120731
53.858703823041964
45.229357657783794
40.62294664140612
39.822028203429014
42.488401769547146
48.268276923158496
53.84471027956049
64.505031853015
66.47796687960538
68.10532695675703
68.78296229178035
67.96807939922681
67.12209077359968
66.77828578231936
66.92473896328669
67.37582696692301
66.81468552827747
67.22786657752668
67.59992800994236
68.16234878782979
69.93461456002161
71.21516544812124
70.422920891072
69.72212786421315
68.26575080011214
65.48163749306804
59.996695720564524
62.45865007643007
63.64589743247518
66.96431817964988
68.83312516473183
67.0930154276502
66.50546559858473
63.51386604295478
63.94554605783385
64.23428249554746
64.0189055329099
65.43370543247991
66.28381169873649
66.61843507829028
64.27308569748672
63.862261112363804
61.25543456040774
61.44513956102161
62.32613013458595
65.22781312992169
68.1549331932213
66.76452421797035
69.53262216581356
62.537789393692755
57.4726644483689
55.89107355691576
49.235393174830804
49.18620266577798
50.34905942118659
55.03929282934141
56.036851957912155
57.98411660387869
50.80676701896881
46.886816431138016
48.8259005928252
46.702266932062564
47.997446803260566
46.53502637465325
45.5110974606432
43.61486066144059
43.64872827179416
33.287043260281074
26.04478526851579
25.591796947742118
16.995878187707124
9.52197390109451
5.174607365786448
1.5364221734796537
0.8141237965954341
0.7357384323670821
0.5259952811318114
0.6548003787543756
0.5768855109799992
0.28484418033934295
0.5675448129726511
1.6542708210892645
2.133410479110311
1.9679500320010463
1.767278727040657
1.7760554451226418
1.9898480853685423
1.8603654396702638
2.719410340787889
2.930574715969619
2.6938412738410493
2.1090399174002146
1.234369396842357
0.16142982409780438
0.0035602622898983994
0.36451401753818513
0.8878584535959647
1.3385941218567916
1.3640549534690103
1.3727805605631174
1.2374340688743035
2.019848398780823
3.198024650852668
6.545619324734844
8.862263544031169
12.101470719501485
15.669971416628227
20.837390411777303
28.44892284948304
34.50410474632403
37.8403919396527
43.223547622252184
43.418475008095456
49.420755294420346
45.703395032757214
18.196330921262078
7.107205056063586
6.754874227670811
7.544029160655268
10.36182205546056
12.471586885875695
21.3118979664
20.9235023741777
26.018393403603294
32.19353291561837
37.516454380677274
42.101063265006694
51.01270361305508
55.727850157887694
57.7353465941132
64.34020201671622
66.89501917497171
69.08874801337977
72.69974609154463
74.42617222709582
76.34538946787545
77.11023650436509
77.56089279509645
77.98039832309411
78.04862396202246
78.41613958596297
78.42020348530731
78.24985976513854
78.34685487490398
78.03994520924854
77.62159047331038
77.63107339876477
76.61454604549402
76.54214185589855
75.34991871785559
74.89210663920029
75.56342563388706
76.06736510511404
76.49387908618118
76.57152342600467
76.57843263052332
76.84748501741555
76.90412767362787
77.33267499912934
77.30022876554324
77.48665000449918
76.84442161064969
76.43308912749437
79.87526718119584
76.3779845607498
76.81661030491766
77.09290857466797
75.95386418662282
75.59535911330876
74.64229459708623
73.47781759922789
72.06884137793107
69.03701482337004
72.22784137884241
63.649696426084255
63.63873233936604
65.57454584414461
67.6286972849028
66.51897241256758
67.71011537393312
66.71247093844528
65.9554647323011
66.8935598716687
63.92728645267156
67.0095931904136
68.72353047145731
69.69114134658422
71.24353777902115
72.41082703756236
72.65821321437208
72.27927979285126
70.88850809923137
68.62196274143298
66.48188805774548
63.82469035478336
61.710864746327275
56.801125009182854
53.21487277832429
52.81813496241366
53.62987135693545
58.510861304462125
60.9767517094267
61.30236097847632
61.55888278141605
60.98272994649747
62.48297732872871
57.50563361324927
55.29367740980969
55.08126629812047
57.71634256247034
60.574816133673
64.2227421324602
59.86852375662644
48.67831133824302
49.02756450577034
46.27322749098208
43.08437360828605
38.838419012091634
31.70178983037971
24.22459564260988
17.941395911292332
18.858207360025695
18.872094079018638
30.781621053355572
33.75823844123895
32.28209151650465
30.855991464882194
32.0436450282989
28.377266122667343
42.684655581370436
49.0707151224405
44.24059390075936
43.17668114130728
39.187086712692576
34.825820930090295
28.342802256159477
21.901019088981666
13.515839043674216
8.348661939527295
3.5519319960066893
2.0467965788457554
1.3724142584466041
0.0027149211126203084
0.00141200165863024
0.0
0.12832394110541478
0.46509908313122217
1.4049107409895885
3.1625891276642406
4.621167674960569
6.166119291358465
7.572651714285783
10.981752041593827
13.170020374829166
15.760771473669594
18.564594421230368
20.720966679820812
19.182174251290622
14.985993627633803
10.920124310726818
8.412910300238597
6.268576810783083
4.657055226551375
3.510964520972036
2.63057061446596
2.6878389987296547
2.59083635242578
3.7546309261371853
5.645157459654568
7.031636944900613
8.173557891320801
11.938798355819483
15.893681898526914
17.949053832294094
19.733341833718864
19.57055447285671
15.216572150827389
11.761598078338425
6.917330160799289
3.4994580806736226
1.7044672325569112
0.3551574990312971
0.30595009115497057
0.5260917918374363
0.6878881728016613
1.0479624940295202
1.616152944574349
3.1544299197691914
6.097001324348158
9.791866430417215
14.265200205347268
20.051649335434707
27.287002089278136
34.99134006301243
40.40531592547664
44.175992812965916
40.57275735965104
43.123550185239395
28.067203200018
27.25246651349963
28.676742085499466
29.227390727395253
25.697538978769483
30.513185254356088
27.258901594300358
27.659667158302
31.395961504847904
28.16705797582936
26.76404193994096
27.34010571961883
22.971606539059184
24.449542578364962
26.819510452229995
29.18835470710249
32.45596367171697
34.061388030533955
37.014435039856885
36.33712179794667
35.554325185848256
32.82330580122114
29.34314600402237
26.050094513796612
18.151348632538618
12.318466686153398
5.4478965678270175
3.418279181486034
0.28089630131901916
0.007900918965028233
0.8125546235792178
1.5281175631681791
2.2344540637241055
3.1122650196041937
5.051481376348088
7.617839356808453
10.29287242568634
11.966044300898144
12.240564303047792
13.21264704219885
14.819716426478026
19.799144123643558
23.587593056041847
30.053614792895846
30.517907345801145
32.391356097812704
31.728462075021195
19.135157589765406
12.824924877743976
8.874146283823558
5.416609788630441
4.272769552377098
5.710543860312656
6.40036603114974
7.353244906181415
9.34930920690862
11.451970775098498
12.074344134974087
12.530710861408993
13.083863384698487
14.73305017893635
17.014191420633065
19.553738616077535
25.3416747165403
31.131563343795904
37.935231862023144
41.66097537275098
43.27273579217732
44.518992262392615
51.37445110210947
56.48273889283962
61.677560738811636
63.85393540739548
66.75134811582646
66.86414859712785
67.41144707689185
69.52898862188174
73.40849610301929
75.71168819069344
75.78420914490808
76.26318143590164
77.3169344418681
77.93816795508427
78.55246908175455
78.29077108399628
78.32404719808432
77.8783592575121
77.23943047600089
76.76753117167509
76.68700760570394
72.58751100665683
70.59917103683851
68.43399223702102
65.28183132322951
62.31169862922449
57.31805420559035
55.57675564575892
51.73730650373088
42.82516388288922
36.35260458983161
29.574335138907212
23.851717864262245
17.788339953503673
12.969721437302363
11.344049075275171
11.231559658826994
13.05691350585185
16.496314889571032
16.946087256630822
20.462933972228193
25.32857421717849
27.305163946711627
27.644403929463095
26.670171606188312
29.442568686492987
29.69889558900601
30.217918886016175
38.12600366573757
39.147101883788274
36.27861734746398
29.826912471042988
39.10377377955609
39.02844265291191
46.52209910190464
50.830661960414815
44.70961091358133
40.55510534032144
37.961133048118164
30.95453477285549
28.470536334416632
20.781653494501228
17.876753044625396
15.83510519363621
17.355485228637157
21.894011563649087
34.884440717594956
38.05855283890541
47.88512473392167
60.73145952449222
66.32712657377817
70.02110196251452
73.57618828627537
76.23131034833709
75.97276352246301
76.23250261144784
68.32423308675494
72.24589202926703
60.54627530500445
49.131047149007124
35.705481059219025
26.022656118995908
17.074511305696795
10.440559746090486
5.349858840777987
2.6498029910220278
2.7456083180917994
1.8103065147452704
2.1384083114328876
2.918233311964979
4.5268085956393245
6.812326909509244
9.589030163532987
13.866610364434425
16.77966654651067
19.942340742020953
26.5011645303458
28.48751404345177
44.5817982402455
42.795290743208525
35.741866598017644
29.1943028002473
23.282054472413357
15.138798775301215
8.71102325628017
4.823714016260551
2.0134426830302528
0.12437707593143477
0.0060348336855368155
0.0023365036735757652
0.8575081523811716
4.267352125957565
8.873747220718391
12.14508916520759
17.477146461462443
24.09702260404265
26.13814233389294
30.04635497517291
33.840991535840764
37.38310061423169
38.91102685917353
41.65631937878709
43.73411052450712
45.55048388618453
47.76319855047709
49.149697512554354
50.41301599612739
51.28791780826228
53.02967980207834
54.10833808704172
58.74569466770461
57.86024445106707
58.13730438728604
58.14423542993696
58.76748909461997
59.19459625256068
61.87905212370234
60.4363371454916
61.692731164422895
61.529247042170375
64.7371708696158
64.57936683476302
64.7792748526808
62.95777229469138
64.21255798634002
64.37829162058281
64.93961816767158
67.42055912462365
68.17677370083602
67.45076265134861
67.33933410481582
65.43372853397493
62.90288699254724
61.58384259265272
60.358089585314985
59.17643630898005
57.39350795696071
56.41088556558598
55.54079982199784
58.00376398982988
58.21473522703791
60.715761821709066
61.80870139277316
62.3576873083673
61.53444069017975
59.89851567380592
57.58976618942391
56.02756751574056
47.71335121770637
26.98437549728243
17.077415163702945
15.543589172335274
15.6412668146186
16.322302375147192
16.36383003931826
15.98079667381176
17.150818108049695
20.91962583190956
24.34879160937213
29.0144876882665
33.189291411770405
36.83615083814237
40.71235421067146
47.38974789143674
53.56890426021502
54.76132691177413
52.99734074111901
57.27186234607504
62.93494870060641
60.552767119853456
45.273332471166114
34.37942908908962
19.808312425966754
6.011980181314904
6.480450954582102
6.542048057220913
5.500962195196555
5.177655167463504
5.447442844988891
8.472928392641075
8.39730341716962
11.561407868428637
12.841170409414982
17.26581230122113
24.630522796851977
35.77214488341065
45.92158127506574
51.37751680090901
53.1936689968843
52.91578022292096
48.39010432704235
38.80885127203913
25.3045717620626
22.99490739669143
13.774218228624331
8.025490762871478
5.603960142729704
4.234619716760219
7.308659691251797
10.387496654869365
10.56809123044268
10.12126180947178
8.249024272432525
8.777527530770723
4.557813071847917
3.833235813657868
2.8524951853831
2.414546717959745
1.3368938288996506
1.3748357495963228
1.6346236068680378
1.7268179628001024
1.6190087838883824
1.5055463539892973
1.090960180244626
0.9653392998278943
0.0345968128207696
0.0
0.0
0.0
0.0
0.0
1.6806278397039174
0.1122830533800881
0.6957645426660044
2.231980056663347
3.4699219842110853
4.704721268471056
7.169360806265773
10.973928986413805
15.172770590499203
20.957300562271
27.81239737048248
32.51668374175893
33.96122222336335
39.115072319462286
41.93753105871069
46.19931662687269
56.40738179150285
61.82906927243345
67.38605095444083
76.13293831741358
70.94176901568032
71.91269496363421
73.73061836284124
73.9424393595494
73.82696636615314
73.06399735053974
72.79982586686278
72.1985748115797
71.16164600441488
70.60819926858655
70.47837919073744
70.37071648720553
70.40124438797241
70.54346593561989
70.50596233746106
70.23929232803735
70.05530267211412
69.80217898042837
69.06440722695177
66.55806285654755
66.47997436267624
63.437793459326784
59.80731360013634
56.76876102276222
54.33978020497072
50.92824938014241
52.78653228928314
48.18044650950512
44.22709876572301
37.2782784946429
35.40241107764488
37.31174190389606
41.90905578389995
50.73119057770609
54.741877072001714
52.85457145423448
55.87846029303924
59.69773321355772
56.92641524994649
49.147721393498834
44.50578433654169
38.71242061337247
42.916528377208735
39.58907521801292
51.55582766089128
49.00182203020226
43.82205491159794
34.06108625240956
12.882122192127628
8.253267494896866
5.096193430196387
1.6612078176936058
0.4598065640797911
2.481388436750424
2.780200007170236
1.1173583159954796
0.9734036378670968
1.1305387218796552
1.153684210637829
1.6614265677405793
1.7536478619743403
4.256640314353558
11.76640844952788
19.122814988239984
34.81272667127264
47.19273823499945
56.04778028045634
63.41403459899456
70.30198816194493
73.5359654244596
74.5783526885497
75.22592692995804
75.14889828705952
74.54011755528988
74.09838614384421
73.66485507264277
73.84220676725052
76.60989654215588
74.39663832030875
72.68513882988819
69.03051102372645
67.76136390529669
64.49629399202685
63.28021315034007
54.140828170293474
61.80386297306809
62.98270065323768
57.526633169022006
60.636873105777184
64.91883450205239
68.85021892991894
70.96952204090644
73.35544364802911
73.79826842585915
73.14594003354625
74.62788426488027
74.92525108498894
74.47142256404351
73.89212492014488
72.47434140015086
70.14107646963629
68.61080715569734
68.68056843836008
65.85187619110965
64.43711826163101
61.13466372943554
61.75946652149527
59.82579555787685
58.58181841759139
63.31189707219488
60.36075812407261
62.1912935348947
63.21861045965102
65.78438841589929
66.60377988922686
65.1558742161423
65.25869657153422
62.22895661302222
58.549851934175
51.18852791659327
51.39250212332836
42.85927387970072
38.33655260532295
30.27780692260426
27.236946361936788
21.01886324741412
16.02852895953636
16.79720440896164
10.26799475009176
7.961302970067957
6.249093837549318
4.847457486418316
4.086093480072057
2.744589526033512
2.0458186405420817
1.91040136707021
2.505603035451304
3.573637542989858
5.236762750993272
10.316180151004392
16.122135199102402
23.42550484065189
30.8995932519977
37.33965158315213
48.24005590452132
58.66275750526471
65.15118815266605
71.07847421462544
73.35005619183227
73.21925010977739
73.52339019371006
73.77641392941199
74.55497093224436
75.45261261003044
75.86213837687741
76.06708411686748
75.8987183283298
73.53229618281186
75.82114562099639
73.3059289302497
74.16641492449673
74.68158111686635
74.78664014653813
74.80517486485154
73.19946220540429
73.71625830055922
62.86562750651643
49.45805358575348
35.42142188119791
17.474889071381284
7.669536016024447
1.7437554553575756
0.4668578614442696
0.3744083288441953
0.4666537554908194
10.741493473119402
12.999045781000198
15.788983866028182
18.871918866452617
25.030432108243843
32.503247808184625
33.5611765607943
37.17370133176909
39.08987689736848
41.3581340526609
48.98344785545302
50.34290326527293
46.76357553734432
58.23272281013871
59.34493821309842
59.52435236273912
57.64013097016318
57.58853133944854
60.248300555606754
61.73409495973455
66.50677973719375
64.58694419936081
53.77974928441324
58.60413306851835
62.43165041980973
57.978365381968274
64.63254003366447
66.95800045235323
70.73524637223538
73.9149230864102
70.7216089393598
71.8016147974194
75.08954625241375
68.12688584778881
65.78496449564761
60.60147665829824
59.646033100778574
59.68685989981198
60.964358571637966
62.210544264558834
60.41082430975285
60.008837989491816
54.36369020186761
48.634490114867816
48.06774996975712
43.27822861971308
49.015976409478114
54.05026179343698
60.8288239906866
65.58891040356124
67.4136135459759
69.86523915113966
71.42132715122284
73.52151924484083
71.72353176398178
71.6152517533585
69.69291285043593
68.66817657187218
70.69073592804644
67.27040285319347
66.68314537635779
66.32256741742812
65.82519739439655
65.10987858486236
65.6176568797514
68.78161010754059
65.36195638712937
57.18322204339443
37.6421455286757
35.675690600424744
35.56703852080663
38.95872961192853
41.75369669394
39.5908111376059
42.36692603342698
33.750000462830926
26.42572159713859
23.653990778897658
21.07417722973839
17.94000636642093
13.93407259356368
15.898690086011367
14.452242147020913
14.49341165199047
15.0497671478611
15.435186763548526
15.64306455760067
16.466551841057143
19.14659032382365
23.34684140162513
18.362791542994835
15.8221848200077
14.322540787269771
15.589158900235656
18.45249315746516
21.21153114930763
23.64302775756084
33.88239416291142
39.13483284259376
45.78955558183129
53.81541007712544
50.17786261835402
50.35071229073469
51.3358819603928
51.20048469153883
45.00718300678571
33.732284204875725
29.59393022194708
12.993746216521052
12.155607576760207
8.647895289390116
4.60979666432023
2.3818145404110203
0.0553280406482678
0.0
0.0
0.0
0.0
0.0
0.0
2.6476061159820627
0.0
0.6017206776910149
0.0
0.0
0.0
0.4528592874731447
0.0
2.019743535040537
2.369340231349483
3.9749442491370055
5.590655244775747
8.701713418025873
12.393958451545712
16.727404541904683
24.344731276447384
30.888279969203
37.0136837927039
44.27480128857002
50.40451823506345
46.07756884105009
50.07310585306786
43.89298040001386
46.26680698703071
43.3804411773305
35.64672116106843
42.24249278475471
39.64694183733834
48.362730411025794
49.36054280067928
48.15063712108639
44.02700507173637
40.953174722506745
35.562315015999104
33.73984696165629
34.14551613137151
34.37471610499296
39.79762024673333
40.36547068164767
40.10787466138628
42.37415609335624
45.7710864824305
49.23639661944416
51.96000262301744
53.42330244653913
51.62510650067284
45.51578405244214
35.84704869647163
25.129578658561417
14.747973640305938
6.772180282698585
0.0
3.4163683218883483
3.8690630758954274
4.367343620540391
5.1637267147959225
7.070705615395368
9.690284540291875
14.767265155282592
18.74174365371932
23.752192285404394
29.66682307313497
27.84087037758784
31.830380745793462
28.323448340158155
30.596869598448844
25.924510561845786
20.54719013685829
18.77782495649837
17.253983050810938
23.482039935275147
26.77881643938176
33.42250032273086
36.06489213388152
41.62306936385772
51.45777769110849
55.19309946035354
59.16912937593822
61.97539613022819
65.12027953677404
67.03413449621443
67.72661213150481
72.49781739541879
71.36445526465575
70.39759328562403
69.49899831084888
69.67589201403565
70.19444960993823
70.47351018223503
70.58701997548607
70.50778086165303
70.41159814687799
70.63896787280615
71.03084808826421
71.4208996314023
71.67221265101597
72.09587968890125
72.10132138785035
72.37487372819986
73.94404746388798
72.18737804514993
72.1007556263022
71.22921495863957
71.95794802999214
72.00915793140449
70.93718227274735
71.30472662367063
68.97247172286274
68.11343152484204
69.73398148284453
69.66732949090228
69.5943173955962
70.77423058707156
68.74334273911985
67.16930232505484
62.89888404065575
58.219648490643216
58.328567715923526
51.16660459116135
49.9893796477154
42.65069009111057
51.3220825233497
52.249462678234295
53.11990658837447
53.310322839766044
52.99331194784191
52.14589660801409
51.00593023737632
50.12207645630097
47.819553285813065
43.79964582112493
42.22517883899072
38.21377537273306
35.26816488775682
30.321787360770053
22.08566798612174
18.49338115374316
13.909851170269816
9.758148332194208
6.048195567004734
3.303961465442717
0.6668256621257131
0.0
2.346585748219017
3.034088168601621
2.67748128717418
2.5117973655963546
2.704448616047982
2.724635641293497
3.5183785522494206
3.068431815849145
2.9443599942460525
2.620285506717245
2.329389840995016
2.650253124323143
2.4925324672889766
2.517216856057721
2.9022040743476243
3.579658761240833
4.260336510192475
5.633578354859546
6.577646737611607
6.623589651225877
9.449760569134384
9.691889750820824
11.390450515053807
12.832570501435391
15.80573470059003
26.04714428053976
33.07872366889418
43.17999887016661
43.84888026555408
47.41162975143118
52.887511643924334
54.02049839417417
56.51377450025932
57.362772692061206
60.58466174522725
60.70265904461282
61.67106722333401
65.66745636792416
67.20011587900316
67.58243631685289
67.81241430933868
69.9700720521105
69.57940128862228
68.51014631380605
66.74867758065903
64.80117196007959
62.92225731762655
61.6826239953721
58.14316958082093
57.4566575347343
54.05047540876271
47.887787970692
50.29041755175106
43.24458980685221
39.74134732466347
31.949111150460496
24.127077112209417
19.87369644826148
11.698228710683336
8.738703201853562
6.673282329255676
5.552244414299505
5.855344694589632
6.476589151591528
7.730743466721371
6.946631572579045
7.237590890493282
8.38869028184848
10.227982006241174
10.980830287964231
11.705002312471196
11.999203827884068
12.617054953158906
13.522068472019336
13.7868575004351
13.525369595461273
14.003144056619696
12.72515741511307
13.92195642286891
17.82489180046167
22.368695569509104
31.25409909125981
35.67505036989486
42.33009214147781
58.73041238099111
61.70634527312845
63.306437941763534
67.71822371896941
70.42980895812182
71.9089149514487
71.86198162192599
71.60556261006495
70.07743312540897
61.78236960196469
69.32756698304541
71.73330787858316
65.63421924027132
64.23212813091415
61.91081166333144
60.07472779032986
60.14305563886058
61.89955726688396
64.26137204253752
65.4185935303091
67.32155018394599
64.28719950608037
61.98925221880246
60.617075492752726
60.12374818207523
51.57014904159477
57.98343588954848
58.46417936587239
63.333757250169405
51.15242799824667
51.77243062224886
44.574338845604906
58.5804631696913
51.349494746577456
58.22439301883304
56.722351623975385
57.37805342733881
55.22666363171693
59.44960704428647
54.85406224219911
51.459479867518375
57.73497898299738
58.21128151767248
58.887833552927866
59.29204607411841
61.30952203003008
62.98208154307119
62.99872742043469
66.38592570834182
68.05717667098332
67.16062175953527
66.09079302604823
66.88211563377082
58.30446724021669
48.41819318142791
34.362210021778736
21.52859009507793
15.37082756153783
14.7462528160168
12.210524815838006
13.663376900069355
13.635241788975945
14.94006939797459
18.50180875314422
18.23286436973841
29.109035831951505
38.18360037416461
34.81112093975927
33.820087637731525
36.54059264018486
47.703424451987786
53.81389859879853
55.7393699328246
56.632674374174485
55.95774063147071
55.95662652129698
55.42936126353692
53.841475478349366
51.480535363849256
43.17882043947208
40.58265625145569
37.69385864403053
39.28675956687896
40.9224342043362
41.36673720641939
41.20902273438512
42.9552714721416
48.72560598257505
45.78663130741101
37.57370230716478
47.70317791882983
46.27120925186619
45.69118317625686
49.33077593749892
37.71981018794702
44.91253575892647
51.32570159996712
54.48543213739986
59.892259118408
61.05990365800804
63.04102809934761
67.1797977083852
69.69423898293697
70.12036069252754
62.57238334237256
70.20064893695783
69.93764684239187
70.49761455936522
74.49111207626163
75.53174667202335
76.34309327422488
76.25641335199678
76.95518652126754
76.74705962596403
77.02574491000273
77.2377849197624
77.09417282859116
76.81325230617666
76.5188272037271
76.33462144646134
76.4448298384838
76.61063301110138
76.73115221043733
77.07976990973522
76.65981801968277
75.30856539264839
73.06133458209955
70.4319262593907
67.04144696412062
65.99249618929824
63.95872905998208
62.830796659860496
60.58409247792226
59.31616041499285
57.75953051574923
50.37501647338452
55.35513421802682
50.811975989441066
51.71728367720444
47.26169002421859
43.07403409187099
36.19162605153359
33.91280965158112
30.08800246241072
28.058306300196787
25.787402042688992
20.700963553305375
14.457515273623232
21.357631645401447
18.43580424301385
15.102360997221044
12.600652265843904
9.80067157787346
7.5255472370057905
7.24063768725091
7.486211488747141
7.220495487972741
9.360155743472186
10.50367966427039
12.559393425508182
15.781432990135873
18.800711589180544
25.2023880345975
16.261739209829262
26.20430303206616
26.26440231037277
27.460228909515585
29.162206631925983
32.607203450288544
36.03378256805159
38.76081914353739
43.86916887150368
47.57589526969364
49.08824880199407
50.02033859179142
50.74817447535968
49.28641405599875
49.972266884402906
50.170412504981954
50.7305852213202
51.087682791961264
52.44112445374369
52.40208098482758
54.604655625148816
55.29444354818461
55.92371613488879
57.59223037977787
58.10901614812524
56.84260687261196
56.815532122352366
57.15368229074152
57.81429617933577
59.222288821583774
59.89152779620255
63.37373480064542
60.004260798001184
60.09930437235192
59.98877647829137
61.2702204635004
60.08227679828236
56.40697175404457
56.29913488289642
56.90207741442958
57.53875371025457
59.62566843147516
61.1660759314519
61.52176415015398
62.07007099089554
64.69476244764523
66.97901731672988
69.02754597639283
69.74753018829259
69.95405930154656
69.20109942100711
66.22939662677884
64.35547875717617
62.65892167702378
57.75191178241295
53.57800932355288
51.856305069525824
49.60344916118212
44.7449681188274
40.1576838786471
32.17124757484736
27.28563431271348
21.80160650882413
16.966748860737084
13.650386836225316
11.85908054805212
11.63832343042802
12.87333205199405
12.319329528898916
9.845391758699323
5.758100164606243
3.266145343266338
1.0896036058060727
1.723842720437058
3.0031687028951968
7.853461805113223
7.190750989618989
18.95867176520593
34.76910012309015
36.36287528762249
46.48237610164623
51.77253434636876
54.80846038891689
57.15213546049486
56.7295134189851
55.08692022793164
50.71355593027749
43.53145344223453
32.72953277979931
27.177855526754
22.034342934716964
17.04804967918502
15.218586549804323
14.245298327349722
13.043907826410727
9.416555881260898
7.901578968446975
6.136245820501866
5.601185353438867
4.345803215931143
3.819090730501144
3.3821809744074103
4.124231029455534
5.177931080177582
6.949412995836074
8.039193256161763
8.445079649711797
8.26593926178823
7.144832563913981
6.06683025705846
5.361276621639445
3.9683117167756174
3.796410326836104
3.1422607982789548
2.17789546646429
0.3612629990314778
0.2125076874671879
0.0
0.154913000689948
1.941615689885941
3.323353609816442
6.785529587919333
10.115372999540815
14.39627440956494
19.31649707752166
24.21114833420081
29.460641247463503
34.64979206794253
40.2847483483266
45.7277300432978
48.654623298398775
50.82755584011844
54.55454120482013
51.43758326309021
53.02343786212457
50.63731479759309
55.89369760695565
58.96496999667589
62.43418133505819
65.00733830054786
66.96138108079698
68.18387416192662
68.90012702748581
69.759905626797
70.51267836862104
71.56087202910719
72.69594775479054
75.14630763407482
73.88701254499134
73.58443837064229
73.96342188543268
74.29090850881407
74.67797572998788
75.04936615071881
75.0660860303606
74.79901936397378
73.93435617838864
72.68065004519895
71.26139378278106
69.71199871505976
69.18983758145193
68.96252202467012
69.55716323107737
69.93267889666076
71.45524259034556
71.92387138077108
71.77191489643444
71.54932617449298
70.8279236136722
70.29816988194739
70.22767821906157
70.1931452763565
70.25948139148392
71.92743395759305
73.24444543726783
74.1133882203805
74.7318503308954
74.70359666112945
74.78105463333361
74.46573657566105
73.52059948395375
70.99019579612089
70.38090894452145
69.88771618415484
69.23256380258552
68.67833218315847
67.99560240332265
67.82849867393264
68.63827626410055
68.74285113758799
68.47905008822418
71.55403840736808
67.54639505511986
67.53859203684749
67.61082028903645
73.07489268702635
65.74808122586538
65.95071555721204
67.86232355641086
70.27745744647805
70.52967912056523
70.223008525869
68.93213975243629
66.25101823942448
63.66897355528438
61.95077203212795
65.24296511656246
67.31370568342936
68.53655659969144
69.87300866869383
67.46259551741744
60.291684056709606
60.087973640408215
56.00181924401321
53.32442005468448
53.75370488357483
43.81196075909685
34.28362250185195
24.92318678275164
18.93728602774313
7.958979039460881
3.880034010688852
1.5213511142099585
0.663562428573358
0.6831543489924043
0.859732902156711
1.7546436604455886
2.140037521317125
3.0001307830950954
4.047569958318922
5.7220469981383095
9.162195272912264
18.893876163896707
23.22378224845077
35.89611270926782
41.14195196985571
40.41745465176208
39.69974257626284
40.53643674679365
33.894890828611345
32.51711526509259
24.499934933274908
16.997381071025185
8.333167068861979
3.382029038327957
0.6340066435861468
0.189788691625026
0.1638232182105836
0.4058576213504923
0.955229942146954
1.4966128388442943
3.21814817959442
4.618709673096996
6.245800500981279
9.867082017067878
10.99058690083473
2.592367589542192
10.198543588424766
9.749802544690318
9.003089821513113
6.89705704511728
4.032058415502437
2.301495526784828
0.5045188502679132
0.231756864131639
0.2857099490721491
0.867942291909319
1.688551778828373
3.0513312468273472
4.366012071151978
5.33881861909457
7.187499086604572
8.016572822636352
8.379901534881386
7.631380519951469
6.808804326090009
5.69137761089744
5.479698232462517
5.541013470379672
5.35524744491323
5.655665787688536
6.45341175240031
7.349250714842158
8.623473874824269
10.858221057791257
11.415498448695184
13.346647493787133
14.79508033308954
15.403592067783434
17.534274979627686
19.156081595416325
18.21359248598012
18.02718168415772
17.866288183461922
18.008719413585975
17.32176004116136
17.49291613724498
16.711726224092438
14.561820044876084
13.00585779607158
13.296391780182624
13.58299176535439
13.08778316794456
12.09333877837709
11.38431263910171
9.500552620028492
10.372795578457442
5.934002786190349
5.836792890881452
5.869690377234557
6.462336960432307
6.390563694233664
6.431515682905288
6.675807965505996
8.972012158874179
12.393734673464031
16.535086416327534
22.772090898231053
33.74398221375752
43.33240885684616
59.73766776578971
68.81092834560444
71.873940431488
73.95049946128863
73.6099193568839
73.05993863179643
73.8208675804024
74.1569161733215
74.46578059008222
76.68684418827426
74.1837047278033
72.90307986764684
70.62841810628339
68.70443624261884
70.09051287953048
66.78506981400811
64.06209870813869
64.4942053961512
68.63162776997349
66.81729548711102
68.48138383154733
69.87803197474207
71.06464823797072
71.19388820815486
70.049986748576
68.15871290529374
53.66194915963491
39.37639237338605
37.87524148422685
34.96727727737712
33.07576827594579
33.03933648917482
27.539666110879708
29.17011875032929
28.114056420542607
23.53460841774896
20.250662440149807
18.105229865477494
17.0642072525934
13.187315009932393
8.46041628159382
6.114377966228349
0.0
0.0
7.532755489043025
11.56950898864566
23.3015602876888
25.90034977367102
33.656107341850465
37.42568621802105
45.24971823318785
48.43437607963117
53.287831766425285
52.5460138504936
59.03409249413856
59.892920340039325
59.2842868372766
59.36869040226713
59.47359402785081
60.67455441325183
64.38153924595963
66.67537500654585
67.7630614043272
63.40067808206079
52.86017001107599
64.511136886293
63.76814464863543
67.86410571577696
66.55543798504512
67.98858403589065
68.21244192561392
70.64334028682943
72.5852564125326
72.93086741255843
72.12826252791315
70.22981022131604
66.52334542424012
59.486868737102895
50.68039342661224
52.255461444763256
45.60524391177324
48.26692772827316
51.00283647392996
52.9510253334142
55.98014030227656
56.19633937543092
57.074067231199045
59.140677942251386
60.62962821466059
61.17502836181168
53.93046512663607
60.13455416442964
58.66857235337093
57.51930871074424
56.646013292972775
55.403467823085776
53.75498397124146
46.65418355395041
34.80322897386809
30.064612529911276
11.970990299957426
4.844895393441649
0.0
4.458416597041435
6.226464185838896
9.06683253886314
12.537939144643524
17.71326025123934
16.35076254184087
17.329311963409875
19.080324773128662
20.76811756493614
26.97259807808504
25.32258979363625
30.46727947668998
40.29654129153767
36.7079081397506
36.83660772522684
37.68023786522316
40.50400597890516
43.85217999029317
51.07138798912769
41.62770426186084
36.20049211211763
31.15103869632717
25.718046232378267
28.37138568878891
28.55485921774008
32.503937751298466
36.092148281069285
44.33039176466718
48.82246984671062
51.97480472312978
52.77331463832128
54.66866745528682
58.52407976799857
59.43516305830828
60.70715243031438
60.355290565571806
58.145128707483344
56.083334376474966
54.44343531008115
46.37015992827011
43.35077382669105
34.59232445297749
26.65517786485217
19.37580230763989
14.47146250839432
10.236352163953487
7.881576458150193
6.536947063802197
6.297884135846581
7.770691584859486
7.480757366135378
13.58470118748518
20.975938776043147
28.79522700301097
41.51593968650847
62.74365147376331
71.89449207518203
75.03607866975572
75.76188465567465
75.54996771764964
75.61339303301911
76.11825857977058
77.95621282187477
78.26321623494347
77.86708635655756
67.10057559523487
66.02448255066207
61.33983283799769
51.255420711752365
38.62578042000004
20.85844204015716
19.06757221656437
8.250653649964331
1.7761872451136902
0.72802877227429
0.9204558394911176
1.7392256309237193
4.569587958590039
7.759735870557256
14.93387210633901
21.80917679795456
45.4698807874872
59.105208197079314
72.93706080829278
74.98698698803479
75.46363917635259
76.46210339395897
76.69886624609136
77.5742401012258
77.75389158124742
77.04636888955882
78.77850999786115
78.67932943913787
77.68623308357256
77.86748949810138
76.72725227549262
76.77278529148887
76.96580819410096
76.27011346209102
75.81153467011721
75.26459195207012
74.96966026017614
74.72833391322084
74.7547390569925
74.47654821086437
72.34167563164723
72.94985764029659
73.08128423743196
72.83397279926842
72.65994197416208
72.81346456751142
72.93810193414137
73.69716658819593
73.77306432495416
73.10482620371397
67.47426965192392
74.58980223514544
71.29211894335452
70.60767219452974
60.47874634533143
68.32185860016092
68.00604551030375
71.00412952424195
70.06747513532183
65.70496074790427
69.53306925656092
66.82690753582125
61.61377757894745
32.41645002602317
16.522312694090097
13.76930704636632
10.251800414815898
6.163145154893275
1.7268524633588476
9.440840479649731
9.555437595760033
9.62672204637894
9.73649127570128
9.505818478219332
9.649606798708296
8.705565636837749
7.498196942395231
7.325848946506581
8.332979562040304
9.279733232819757
11.484057383661098
13.327499628808308
13.776932386522937
15.140404159364603
16.75650731230035
20.436172219834884
26.428312127124112
31.06254893784339
34.649386595294914
39.34326618525166
40.53943216630328
34.75960779772288
32.91365421407945
