Выработка. Результирующий расчет
20.88653087429998
19.267756489699988
16.31691347014999
13.021921166099988
12.355504870249986
10.958964497899988
10.467683007679987
8.923426103919986
8.896612839819987
10.569731016939988
12.348386877399989
12.689644436499988
12.571939204299987
12.266588509349987
11.686553512799986
11.008461836549987
11.501490829199987
15.458736283699988
22.60397906159999
25.232739121299986
24.876410600499987
22.414062658499986
20.775879260599986
18.732593928899988
16.409420352099986
14.491884138999989
10.825237958799988
5.0965906018999885
1.5467885502999872
1.0
1.2622745732199872
2.7023936989099875
3.3445417922699874
3.5731157003999874
3.7712574008699873
4.537222769769988
7.368248141639986
10.954714300719987
15.957228253599988
24.52279580189999
29.703702923799984
37.549024310399986
44.39750602249999
50.00742645
55.76039314189998
57.48202641709999
58.23564487009999
59.26354648559999
61.67774474699999
64.09635689099999
64.3886790477
63.735393363499995
60.62632478219999
56.86192589839999
55.21778852779998
54.123656250199986
50.200144310799985
43.13256020109999
40.63016233319999
40.92755160809999
41.20755883589999
40.97942652389999
39.067396894899986
36.680063783299985
32.7538792687
29.645462330199987
23.56841940119999
19.429953571399988
17.125006988999992
15.82856738129999
12.703090453299987
9.398294174519986
5.0466397303799875
2.5574637688199875
2.0018812438099873
1.879576780369987
1.4410198526899873
1.0624267522599873
1.0
1.1558827353399872
1.9457165919499873
2.4146895358999876
2.753249945269987
3.8723850232299872
5.945119615139987
9.148300605469988
10.030272524299988
9.979775884399988
9.112036086549988
8.480080657249987
8.429581682149987
8.484559738649986
8.481415907369987
7.877512031979988
6.754093713679987
5.7698713740199885
4.364642692179988
3.447500088909987
2.7961921787499873
1.264574218764987
0.9554729896749873
0.9554729896749873
1.0
1.1536568567799872
1.987827151429987
2.7448055896499874
3.2043896414999873
3.872182212559987
5.487497964629988
7.779984686769987
10.399935873579988
13.447790280699989
14.543004321999991
14.605188671499988
14.78615528919999
15.804114302399988
17.614335514599986
19.350279859499985
20.409090780599985
21.022190669099988
22.510448158599985
25.627051436199988
29.39363462479999
37.705820680199984
44.41569379179999
47.96071779479999
49.834487288599995
52.5626085627
53.894587827299986
55.61736662719999
56.73711845289999
56.83871943369999
55.41127901459999
49.42125551969998
40.925566308399986
36.40714212769999
30.62450245859999
26.394748396899992
25.84412576829999
26.521182709099985
28.475560045599988
32.08494997799999
32.80353869999999
32.51478922209999
32.235496331799986
32.278935100899986
34.432488132599985
33.88150908799999
34.333047967099986
33.89052890489999
33.900915722399986
34.45601561069999
35.031411946499986
34.949817649199986
34.50819561169999
35.43247778209999
41.469411469699985
43.18461469639999
42.76050700339998
38.94729898579998
35.13336171189999
30.48455536329999
26.491786558399987
25.204161702499988
23.30983469059999
21.80877285569999
21.52375250889998
20.142944118599985
20.264707215399987
20.23441131459999
20.828339716699986
22.97400762779999
24.58150690029999
25.59648568599999
28.719149755299988
29.876133547799988
29.72743175369999
28.806872427299986
28.698070844099984
30.61795691879999
37.53457627849998
42.451854715199985
45.741431442799986
46.0860457772
45.86213469639999
46.422292729599995
49.25177116809999
54.586101175699994
57.35334174149999
60.52112692249999
61.847771066899995
61.6781576389
60.41941532839998
61.006523451299984
62.01700255499999
65.7572253243
66.88994691679999
68.28324224549999
69.73544066449998
70.35259066449998
70.50630688949998
71.25511803379999
71.52461364559998
73.01382422599998
74.0127325812
74.52988419649998
74.79761881009999
74.68000546309999
73.67347755039998
73.44859955139998
73.71792514389999
74.93588899139999
75.11925143639999
74.65809117879999
73.4340889163
72.78265083459999
72.75070004919998
73.14275135259999
73.849921317
74.134447954
74.25903476139999
74.39240797839999
74.63111128639999
74.76232471939998
74.61052898039998
73.94118026149998
72.72210833639997
72.3347073981
71.46127020329999
69.57169527759999
62.43370414519999
53.68991717059999
44.219816532199985
38.22046683309999
37.776588809499984
40.81618560049999
45.325693514799994
54.9684406217
63.585319078
67.99395298549999
70.90092425639999
71.32611711179999
70.57512796069999
68.7028079468
68.41314418399999
68.713021902
69.151030373
69.67484453039998
69.77370551339999
69.45346052099998
68.15844669200001
67.924799264
68.13978302499999
68.4048037302
68.1305338998
65.89188981219999
61.40377067889999
59.59095106599999
60.416908732599985
66.1513947716
71.81161760679998
72.50296942989999
71.09221683639998
68.81657016429999
68.50940509659999
68.61329449429999
68.69129016679999
68.6229043126
68.8013217244
69.60185779109999
69.44278465919999
67.6034623355
65.11654475489998
64.21245344159999
64.22985938789998
65.16295270909998
69.03080652579999
71.4407043981
73.27042936499998
71.47355697029998
61.53971600069998
58.650666697499986
55.33407855829999
54.786385309099984
52.93492660939999
53.167757419099985
54.84271525229998
55.93649708699999
55.579234473399985
52.93871923919998
50.720878659099995
50.0891240281
50.4023987883
49.5480144438
45.404199390699986
44.40153614829998
45.53797065069999
44.01339429579998
35.84980926319999
24.740760429899986
21.642526926099983
16.429023614699982
9.570286132669985
4.7841969982199855
1.6203621199759852
0.685425856066985
0.4766869190819851
0.4689390522059851
0.5131404765329851
0.6483667690679851
0.6763849459749851
1.173936451162985
2.3871924873429853
2.8490422288599855
2.7923374622799857
2.2590585051699854
2.1132518689999853
2.3747207810299855
2.389428498409985
2.414346466989985
2.167002038439985
2.173848698479985
2.056819379179985
1.419856932849985
1.027395160613985
0.9670223166539851
0.963728649613985
1.5084959727099851
1.999134122229985
2.3717217155799846
2.242166715519985
2.711430635129985
4.414005412339986
5.816415768929986
8.173840858399984
9.780524418399985
11.385212765599986
16.872663219599985
24.188299161199986
29.489512408699987
33.45284866059999
37.92125526299999
43.30191579409998
49.10082180299999
49.042952701199994
40.40669893069999
15.380240966399983
5.710629559199985
4.593412171769985
5.788012720319986
8.614418744369985
12.177517535099986
19.170135940299986
23.370907663099985
26.284933316299984
31.157821667099988
37.42887143849999
43.29862580559998
52.605492893499985
58.28111395619999
60.60379830019998
64.45363711799999
67.69902965149998
69.95774463299999
72.92559980499999
74.60995473299998
76.42851885559998
76.80267675459999
76.8280275352
77.05711496019998
77.79338627779998
78.2389531904
78.24663270499998
77.926808564
77.28281716899998
76.83336525619998
76.74062014239999
76.52266589139998
76.08229914199998
75.49218887499998
74.73597146699998
74.88854187299998
76.25511396600001
76.91193571399998
77.15488794859999
77.04639797959999
76.35021326059999
76.18916126899998
76.39663997599999
76.8741858958
77.0943280308
77.0631897264
76.46289719679999
76.34320521519999
76.3925597806
77.30864499039998
78.22146156999999
78.05968141599999
75.94245177899998
73.5344608878
72.68044351559999
71.02688851209999
69.44531072849999
66.0213602568
63.71603651909999
63.88207503209999
65.24719925529999
66.45221330199999
66.94949805489998
66.99111896389999
66.69643348579999
65.6474650389
64.4512892402
63.3537394148
63.758869169600004
66.0557094088
66.84787146279999
68.26029284089998
69.6326358839
72.23184584149999
72.89047482149999
72.50130809699999
69.9484625074
67.70400208159998
65.73812604809999
63.40022346289999
61.451217821799986
56.20481307419999
53.43799344269999
53.51928208049999
55.38280420359999
59.796290976699986
61.216432182999995
61.45692456219999
61.49517119549999
61.07612495639999
58.037653050799975
51.57732662799998
49.12689780939999
49.75028685249998
54.95625834869999
58.36634812079999
58.41496843799999
55.31530321299999
47.91173767559998
43.35496573229999
38.72429385719999
36.05350593289998
32.63977716359999
28.454013414999984
24.308162690699987
21.49196658129999
21.80020669599999
25.846546217299995
27.79453088169999
27.910656837999994
27.236596692099994
26.33334497309999
26.164988511599994
27.369717409299987
32.232721535699994
33.58948256399999
33.54179704559999
32.419485963499994
32.17084166329999
30.518906125999987
27.03046288069999
20.84162553999999
14.049282828899988
8.757708598659988
4.567072255279987
3.0506425882459878
0.9658766463977877
0.5533465578467877
0.6265544221197876
0.7480896866829878
0.8889751594119879
1.049658052839988
1.582944924409988
2.095757622679988
2.6313105694299876
3.7130870303599877
4.927176945889988
7.041824524499988
8.492833693549988
10.79997005349999
14.081282327099988
15.351677576099988
15.02361951299999
12.197859530999986
9.823229545999986
8.319952268339987
6.994558146059988
4.6197131386599875
3.3040851641199875
2.9730885586599873
2.7893261268899874
3.4209550623399876
5.305339746939987
5.838290222279988
6.103583397279988
7.589314866189987
11.079628674509987
13.273563835699989
14.592814080099988
14.969351744099988
14.559777354299989
12.501637192299988
10.030372056149988
6.480355819569987
3.6624883157999872
1.7147141434499868
0.9591743266419872
0.8870489226699871
1.0526689684299873
1.2655168317059875
1.965883807059987
3.387258357739987
5.538498929929988
7.791801973469989
8.734664444309988
11.178377786359988
15.763224523799986
21.323358806399987
27.870028860599987
34.84986302459998
37.56162664609998
38.305904668199986
36.94005576919999
31.17881951589999
28.281042546999988
28.35486881499999
31.087001121799986
34.02538233879999
34.520924272599984
34.14358500169999
34.79889814459999
35.470666434699986
35.34915737259999
32.97398561329999
28.782579135599985
27.381869533099987
27.610170813199986
29.972965564799992
32.73981302329999
34.78954152379999
35.90839195829999
35.72639896109999
34.704559878099985
33.07858872869999
29.47123657519999
26.755353303499987
25.28957633359999
20.245321317299986
13.527718082699987
5.990920054899988
1.638201831540987
0.9826309741749872
1.0669558353549875
1.5443505645939872
2.157565854089987
3.1829929982399876
4.8525687102599875
7.318878002859988
9.644993420899986
11.215303483099987
11.509268240299988
12.402683238599987
13.690495584899988
17.72902098409999
21.88822681579999
24.06084469139999
25.984379120799986
26.520298981299987
27.70480685049999
26.02228575549999
19.49828479829999
10.77173498549999
7.327262871399988
5.034019823019987
4.717591927719988
5.1609224575099875
6.063820574779987
7.004250181269987
9.442406391959988
12.787353364899989
13.375807316499989
13.282298756999989
13.843863082199988
15.886109053599988
17.11479815939999
18.59802820329999
24.382727050999986
31.05296305959999
36.82923393679998
38.231047157099994
39.85141875499999
42.91239182019999
50.324059790899994
57.96916302429999
59.920584866599995
62.01133525339999
63.50478896419999
64.32219031219998
66.0636880227
68.79835798459999
73.65709286149999
75.78935808579999
76.5607495626
76.73404619519998
77.32317096279999
78.04269902169997
78.22799692839999
78.47020558999999
77.9126620852
77.39603465469999
76.8491161019
75.6630848312
72.34383061279999
69.3741502198
65.03158534459999
62.36184558109999
59.98595966549998
57.83478162749999
55.761083307899995
53.859796411199994
50.26109945339999
44.40246444799999
41.669309581399986
35.70168463799999
25.922988178249987
15.66478085279999
10.29555162326999
9.361237497719987
9.068589475819987
9.857869803899987
12.32234609179999
14.350163178899987
18.309610455599987
23.75697594559999
24.592212789799987
23.62954817339999
24.607928211299985
26.55232262069999
27.992960215199993
29.931879601499993
36.30286527189999
38.64106331309999
39.130722501099996
39.463658624199994
40.17709355559998
43.16678413879998
48.58070539979998
48.62695572929999
44.05114149469999
42.13870213039999
39.498815896999986
33.50212494399999
25.565548904299987
20.583250396099984
17.728130564399986
17.63420553159999
18.486603515199988
21.77452293499999
29.98404861559999
36.41785698449998
47.12211349559999
58.630665525699996
65.01800503119999
68.95879884679998
71.84408286899999
72.57499311359999
72.49461940859999
71.538549695
69.61697656979999
65.91795915130001
59.71196942129998
48.58002485759998
36.20778542129999
26.60857893819999
19.33637392619999
11.500896908219989
7.017062141909989
5.165250288919989
4.349219994459988
3.6725968415699883
3.532111353829989
3.939072083939988
4.992168005619988
6.643611767519989
9.206818941999991
13.99130174119999
17.494652108299988
19.72723293349999
23.80032658759999
30.04721389929999
33.74478151769999
33.90459698339999
30.95534604559999
26.235902291699986
22.428568577799993
14.73911275959999
9.182716647909988
5.749043118839987
3.5307280132899876
1.3969129011999875
0.8973645082549873
0.9989866363249873
1.9823549446649873
5.057660405189987
8.439196952489986
12.381596722899989
17.65234869859999
23.002012571799987
27.668135752499985
31.290104021199987
32.46556218539999
34.056276733499985
38.97986613229999
42.13391199829999
45.53749284349999
46.222166003799984
46.74616005099999
48.916447211999994
49.25785946159999
49.043706243699994
49.817845197999986
53.10339035049999
54.822283591799994
56.01187179509999
57.68666157179999
58.87038225989998
60.00342522519999
60.92426041019999
61.44617816709999
61.552952466399994
61.872240892799994
62.806105225799996
63.309978305099996
63.249163675199995
63.32091982109999
64.0296285396
64.4714031817
64.68596497539998
65.60138766759998
67.87191114279999
68.4332483584
68.102439758
67.80856218459999
66.80709905259998
66.07020270359999
64.9416522768
64.31897619149998
62.65343846229999
60.63484086189999
58.053733779
57.728171513999996
58.21037090079999
60.08495735969999
61.84846024699999
62.099182475899994
61.925322374599986
61.84553053159999
62.452866075799996
62.174229760399996
59.60737311909999
46.27065025939999
27.045188463499986
22.444645870199984
22.224406913099987
21.082437482699987
18.567161358899988
17.696904245499987
17.831978785899988
19.496138083599988
24.20256589729999
27.766617253499987
28.94157732939999
30.373638267299988
32.85053264719999
36.25315181459999
41.408091512899986
44.34723639979999
48.09280453059999
52.08372723059999
54.38020851129998
54.06263218359999
50.7209948182
44.77908560899999
35.057640582899985
17.50413898939999
9.052518449099988
6.7447172700799864
7.808636207939987
7.161438639259988
8.106182911179987
8.638115836929988
11.741732387999988
13.672429983449987
14.882845370249987
16.68049412279999
20.268605117899988
26.62889695389999
35.00188886729999
42.343408960199994
46.36113048269999
47.39651162379999
46.23055786379999
41.42834259909999
32.35200790009999
27.634795587799992
17.57866529909999
12.794160566899988
8.735930360279989
7.340025743239986
7.6015085572399865
10.242656629259987
10.955168667499988
10.269889242889988
6.434023431899988
5.627116612499987
5.507479372479988
5.614956565979988
5.075290676019987
3.8310769793599873
3.195569662769987
2.5995123910099873
2.3979051459199874
2.3793038376499878
2.5156734632499873
2.300502639959988
2.2164726297899873
1.7768900885499872
1.510328585909987
1.0861792203099871
1.0
1.0
1.0
1.0
1.0
1.0
1.0237334039799872
1.2811804738699872
2.2798012622999875
3.9383421431399874
5.083338383259988
6.347583696529988
9.373585886319987
12.28973263599999
15.992611498199988
21.08073055079999
26.002321777399988
30.33786608569999
33.3539131589
35.107091105199984
39.5365421684
48.179503832999984
58.67499754779999
65.48737039339998
67.02545737499997
67.9763183194
69.48743961039999
72.3063197692
72.7917292708
72.61989534860001
71.66662333539999
70.91132913099999
70.49595475199999
70.11171603889998
69.9626816407
69.71824606259999
69.7917825702
70.31320694959999
70.6598755
70.6675920244
70.46484860119999
69.4915313328
68.94000214679998
66.78464764009999
62.869031011599986
61.05843555879999
58.01776606899999
55.28806276409999
54.441535688999984
53.73936221799998
53.672125724199994
52.5449565286
51.035695401699996
45.92057231409999
42.22051531279999
41.6780387348
42.584438937799995
46.93552814109998
47.824164648399986
49.82957935169999
53.61402854809999
56.413481377199986
56.5319997954
54.3360671779
46.1238855875
39.6314179906
38.5799898313
41.56737317399998
43.17632228279999
43.04697977699999
41.33585057739999
37.46138397349999
26.27238263289999
13.265902067569986
6.788957117139988
4.377903758009987
1.5590405678799875
1.0
1.2018828563499873
1.2018828563499873
2.239641475289987
2.314409770849988
2.5562474949199876
2.8185327667099873
3.2363050567299876
3.7369595390499875
5.340603974399988
13.831353653849987
24.68203627649999
33.41935777339999
42.531826700199986
50.6694804796
61.11738393009999
68.7577065082
72.96581112070001
73.90634575959999
74.1831959299
74.12995916669999
73.98933547139998
73.51906470899999
73.41148207379999
73.27684224080001
72.6659681044
71.0440361132
70.35280699999998
69.1096229402
66.30801523439999
60.98394729499999
57.90881569419999
54.41586887369999
54.07972480919999
54.74266455609999
57.51877008139999
59.57319361479999
64.17322012909999
65.3340557566
69.0706911522
70.3631359506
71.86029307019999
72.0737683502
72.95494268159999
73.09366978379998
73.3031071742
72.49875618809999
71.1048987427
68.2974261153
67.63582013039999
66.40204171999999
64.96065141789998
61.10299536919999
56.36268285339999
54.21993307589999
51.643125694499986
50.950574647699995
50.90712169279999
51.800958822999995
53.78971044369999
57.23367299099999
59.074164391899984
59.456668376799996
60.57460696159998
60.67234844779999
60.30666576329999
56.674186159799994
48.91155909599999
46.068562665399995
40.258914333099995
33.46650680979999
29.966583498499986
25.648800394199988
20.657430248199987
16.14672448484999
12.94194810609999
9.729574778249987
7.917110129309988
5.554852348159988
4.4062780055899875
3.266845332799987
2.1903986086799874
1.9258392982799872
2.2868251314599872
3.769952768179987
5.026294111249987
7.430440924509988
11.989139518219988
16.89809843449999
23.932337311599987
30.328619075799992
38.358253139599995
48.23857513719999
58.78022186459999
65.21666808570001
71.0418615958
73.358807326
73.7145817027
73.7579232475
74.12772997289997
75.48535596799998
76.4823315962
76.8521867792
76.6763087258
75.25357480679997
74.86273956659998
74.86147186799998
75.3006642204
75.2616976974
74.87053993339998
74.42568097679998
74.10893672099999
73.33216565320001
71.38332427059999
62.21135921439998
41.086541844999985
30.712066366299986
17.182484629139985
7.011467376159987
1.7849154812399872
0.9862106928319871
0.9868453530919872
3.1061897626119874
13.177016768199987
15.549263812699987
17.01229641889999
20.83924204929999
27.948371273799992
33.73156693469999
38.089693257299984
39.794817861799984
40.525629950199985
42.29205618389999
49.344796379999984
53.95808461509999
57.81866423299998
58.619372925599976
58.80604268659999
58.531600703699986
58.78264096699999
59.56488183949999
61.21805141529999
63.12124537619998
64.66083986599999
63.47691822529999
57.55466059929998
48.91050447409999
48.41358815599999
53.27598556279999
64.77859450499999
68.84064190639998
71.62939498979998
72.77396007079999
72.87966712459999
72.41532065819999
71.75698502639999
69.30621997899999
63.661944916999985
56.09340822569999
54.80177058539999
56.14486400049999
56.8169379063
60.753891349599996
60.755889239199995
58.99805985879999
54.86699391229999
50.726620046299985
46.082208419199986
44.568230262499995
45.28373100979999
51.10997362349998
59.57134471669998
62.21118413569999
65.31457737099998
68.91023138149998
71.42823960799998
71.804785283
70.79421647859999
70.6673280154
70.16929253059999
69.6054184631
68.57420887570001
67.69752604089999
67.8440692192
67.04209853859999
64.5486943038
64.0694408844
64.1136089564
62.7577794686
57.791138741899985
51.84965884179999
45.8582008818
43.1723855199
43.18925182679999
44.93260970399999
45.43203718769999
44.28373486819999
40.13494170229999
35.22424966869998
28.47498652109999
26.91419628629999
26.99015075999999
25.916051700599994
20.16270711219999
16.50845651719999
15.341205331899989
14.978407473699988
14.804316305499988
14.530096160699987
14.280339587699988
15.053335567499987
17.430427982899985
17.74080913159999
16.66266806099999
15.775647941499987
16.04192322309999
17.756652554999988
19.65016293649999
20.655154416399988
24.274769720299986
30.492479216799993
37.41112118639999
44.08599849169999
46.740566253899985
47.17183134249999
47.48993159059999
47.58443332339999
46.793754695299995
41.54306671769999
32.06097268229999
23.19417560849999
16.06838673614999
10.87512015969999
7.071920795829988
4.104122716619988
2.3890810849449884
1.1533807057099885
0.7519644083089884
0.7028873868039883
0.7141600443039883
0.9308934158299884
1.3463957603899883
1.5949796404099885
1.9655878688799882
2.228518118049988
2.085010331109988
1.2265467654939883
0.9937673522799881
1.0562632477299883
1.4900204647259883
2.4337906837999883
3.5433491185599886
4.117670088059988
5.236365590819988
7.496229548919988
12.28849924175999
14.610726321899989
18.030086825399987
24.87335011439999
30.10514767099999
33.31665812059999
36.26198745159999
36.84636400999999
36.683840527399994
34.73364210259999
33.244599844899994
33.640952781699994
36.655089742999984
37.97817760359999
39.51657507809999
43.02150743499999
45.93822621859999
46.34712910099999
45.46451237019999
43.53310672859999
40.15896380699999
35.30087538419999
34.302407243699996
36.21638451649999
37.263613250199995
37.64986331579999
37.58163221699999
37.28285887229999
37.32638131979999
38.663491640999986
42.08471731079999
44.19431597519999
44.40509081249999
43.871614099
40.87804531869999
32.70530887969999
20.260165932499987
11.61287413077999
5.662296658839989
2.5347466859599894
2.053704402109989
2.3414991043899898
2.9264714383299895
3.7566902907899897
5.064505850299989
9.48205649482999
13.44728380749999
16.40497449399999
19.756593712499992
23.30256948159999
25.22812261399999
26.80795173659999
26.788422815999986
25.49140314519999
22.181323870099988
19.08693705209999
18.718054664399993
19.46472231549999
21.07229445139999
22.767520091699993
24.98543226689999
30.82396685069999
38.314979224
46.171185150499994
49.5836508161
51.5362575967
54.2317186162
59.515650482699996
63.702933180299986
67.1864392263
68.7951065936
69.24902507669998
68.82361698979999
68.3405883426
68.13668176019999
68.2823655764
68.45621658379999
68.64310802659999
68.95409809060001
69.1446349708
69.507745612
70.08482895799999
70.3398852622
70.32340189119999
70.41115596419999
70.44579408479999
70.4092914876
70.3134788714
70.26386352699998
70.24168302879998
70.2164213314
70.17216723339999
70.03181039660001
69.26819575859999
68.434406977
68.39453928129998
69.05883544579999
69.5874682215
69.73788667419998
69.80192751839999
69.4923453366
67.30166133219998
63.2469141254
58.15072877179999
51.32536201389999
45.02407055479999
42.2365938082
42.42098667969999
44.73655264
45.8101608202
46.29744647829999
47.71973047009999
48.88200436109999
50.3619577991
50.31606166789999
48.682612374699985
46.624759574299986
43.07649821809999
38.11069296229999
33.78392598719999
30.877388291399992
28.783905859299992
25.88534518539999
23.18318480449999
17.18428956519999
12.061315324499992
9.43408359695999
6.752968460589992
4.125288732014991
1.6353732272199915
1.2403876981899915
1.5174989171799913
1.6294788042099915
1.6689951839499915
1.7317523738299916
1.9283774674399918
2.5417537965099912
2.7189319643799914
2.853357191619992
2.5935404849899917
2.384894247249992
2.2269787141599915
2.2774270988199916
2.679410936279991
2.7478020999899915
3.006808274729992
3.5465933494799913
4.447744857619992
5.969252089939992
7.771303733059992
8.908157945149993
9.251688229449993
9.724324416399993
10.490507578049991
11.809619485149991
17.061497082649993
23.535463488499992
31.475758157799994
36.60118536419999
39.84822579129999
45.782855989499986
52.36426950669999
54.4505559431
56.7753930042
57.557607079600004
58.742122020099984
61.194487929999994
64.68041478229999
67.84050844800001
68.64098041800001
68.8479188844
69.006348186
69.338148011
69.7067263963
69.68218379529999
69.090664177
67.3975258021
66.30282059320001
62.9552302826
61.93158611129999
60.35611989639999
54.35950624329999
46.83198688889999
44.50367616279999
40.83802341919999
35.28172037609999
28.50733511229999
20.928709797249994
14.212950839399992
9.028831343649992
5.903351498649991
4.403809341769992
3.7635271335399914
3.962153269509992
5.5450124579199915
5.931661946139991
5.968862493719991
6.329051563439991
7.113848100329992
8.605477200799992
9.692456795999991
9.998059457699991
9.980017090499992
10.156346473799992
11.213108976899992
11.85407155279999
11.975983964899992
12.392473117599991
13.318978291799992
14.617548639599994
16.886887250599994
22.329735502899993
31.34311469149999
37.8175033215
43.81670062349998
54.84526748149999
57.24765312349999
59.13734635989999
65.1806451529
68.3276800104
70.0487638142
70.2257822216
69.33512865560002
67.17942989899998
64.85618851889998
64.8734402577
65.6739586433
67.74014573999999
64.9380234863
61.18664362529999
59.77143938759998
60.79241661479999
66.4980180533
69.7169541915
70.29000321599999
70.29067033599998
69.236719952
66.811216119
65.70060456819999
63.85592246109999
58.6677324196
55.9110038921
55.2124735508
55.3160654756
54.7388467769
52.12014075159999
51.095895458499996
51.073301427299995
52.7024168599
52.2198786252
52.4810711294
50.295893287599995
49.582225077299995
49.417965526799996
50.583556231399996
52.9049542881
55.3296589509
56.916577173699984
58.657212511899985
60.0240415416
63.04938816379999
64.47545844739999
65.33750059559999
65.96069543319999
65.8413824803
64.846166189
63.3654156873
60.5894785756
53.61958754869998
44.5396702517
32.6147198866
21.03288115259999
15.88092720109999
14.288076949299992
14.146241955099992
14.544278942599993
15.093728261199992
16.56437890669999
18.49697165069999
20.532050595499992
24.426177731499997
31.003252000599993
34.09618978329999
35.72776705439999
37.54540975269998
43.52702057809999
45.655463523799995
46.87379193809999
48.25442445769999
48.78862149839999
49.69506262099999
49.824441720199985
48.99594914229999
44.9286426397
40.83894511739999
36.52747614839999
35.3231533154
34.3158955917
34.483582612499994
35.68096332889999
36.59188939479999
37.58548599349999
40.099936593699994
40.7021889304
40.930883510200005
41.165159180900005
40.9115497883
40.08787468789999
38.47854318259999
35.96817133079999
36.19072967009999
40.26169165289999
47.95116733629999
52.14885768529999
56.186714178799996
58.73840391559999
63.8098562943
67.7968266163
68.59297658599999
68.30288714919999
67.02801367199999
66.47302472839999
67.40890580839998
72.43836523989998
74.15970324039999
74.52454338759998
74.90410557239998
75.3167485262
75.4414830642
75.4905004398
75.48746041769999
75.7634781929
75.59581619989999
75.3913136408
75.31523805820001
75.3557564896
75.80585835039997
76.101883735
76.22017876359999
75.9859522942
74.2704992724
71.0561070614
65.93629215300001
60.6622576068
58.40822655519999
56.4509847
55.59728614699999
54.721645722599995
53.5482581238
52.628189842299996
50.9593071339
47.3361371681
43.910304397999994
42.42302476939999
38.25811331639999
34.60631749329999
32.97252312789999
32.286177798699995
29.318575427399992
26.552018949499995
23.974378488899994
23.418096700999996
22.956699756899994
22.419415647599994
20.25943217659999
16.08749777769999
14.086629256599991
10.797061487699992
9.522145080099992
9.044531662899992
9.194063273649991
10.374538969349992
10.86409541294999
11.628286804199991
13.712237040399991
16.46402329139999
19.42896239019999
22.43370334779999
23.169320893099993
23.687384974399993
25.203848068099994
27.33582441539999
29.507378742799993
34.271868621699994
35.58930136689999
37.49116860279999
42.945743489799995
47.84471772469999
50.130106064599985
50.68999145389999
50.395345466299986
51.02948961349999
51.78198055489999
52.675803575699994
53.185614799199996
53.61730394669999
53.7954136881
54.3878650497
55.70731312389999
56.19913847619999
57.57278486409999
58.528597373699995
57.93030818519999
55.550456099399995
54.9169839498
55.1562980688
56.24652544279999
58.252414089
59.25486095879999
59.044525562099984
58.61452035709999
58.778974309099986
59.10343479829999
59.16433109549999
58.6812197775
57.816305615599994
57.6721856555
58.680935167200005
61.4818926511
64.9765368695
65.5376007722
65.5112854978
65.3048321548
65.7956066402
67.0466274435
68.1761448594
69.16016356770001
69.7338715061
69.40907667350001
67.40123253609998
65.9620545
63.154746115799995
56.896051079299994
49.794863754699996
47.34364312979999
43.99757771959999
40.056639948599994
35.44795097689999
29.893895500899994
25.971203529599993
22.306147252399995
17.162906642099994
12.056271587499992
11.279013699999993
11.709412722599993
12.620605602799992
12.338023924099993
9.75450421244999
4.732080577699991
3.0029366935499917
2.6805884627999914
2.8927529010599913
4.903073084329991
8.41562975125999
14.644547227099991
26.198708445399994
32.13696604089999
36.0183642544
38.5249323977
46.08478147189999
49.488350591799986
50.05347472919999
49.79162588339999
47.648411073999995
43.76179436519999
35.590581867099985
29.01099175349999
25.012238617699992
20.151041369999994
15.654601676999993
13.435117158449994
11.314814404599993
9.418506068869991
7.330853351599991
6.581682289509992
5.425159792369991
4.711943057119991
3.2757264086099913
2.6752711405499916
2.6733717492299913
2.9941802817299914
3.859867701149992
6.141967316059992
6.891991648109991
7.5594996409799915
7.881725757999991
7.872743797449992
7.573621747899992
7.018603754819992
6.041614299619992
5.712772989679991
4.8886089965999915
3.2310213989799923
1.3097443269639917
0.9672123038639915
0.9672123038639915
1.4853330134499916
4.101984458869992
6.074108675089992
9.080865945149991
11.889727107399992
15.723263995499991
20.320912688499995
25.13621122369999
29.58620676509999
32.968592183899986
37.64748644619999
41.80740014999999
43.805358232499984
46.4924743112
47.365955952799986
48.22704574679999
50.585959372999994
51.894852048
53.6184726916
57.598588715999995
61.5559401094
64.4479604272
66.02896568759999
66.40632676979999
66.50232388439998
66.90401222059998
67.5426533372
68.90658688939999
70.5726814656
72.17497853380002
72.8686676016
73.131751705
73.19398958650001
73.34535686359999
74.1413183087
75.01839137
75.2572499716
75.0514916333
74.2457656981
72.73598299439999
70.90343755359999
69.22123403100001
69.072918939
69.4517343159
69.9339551919
70.3896832678
72.0026595958
72.4369687042
72.321913948
71.60420071479999
70.8262644312
70.4955268866
70.4122860688
70.44576111039999
70.9413636952
72.36134766869999
73.90829579429999
74.5541126707
75.46789589789998
76.00067955739999
76.0664403509
75.62203874689999
73.34258067399999
70.26974101569999
69.6593359999
69.6745781705
69.5595402995
68.9047695564
68.23009331
68.3524078136
69.2848183077
69.4513701333
68.7043862783
68.111724989
68.1724971359
68.8679922576
68.957702223
68.3082425644
66.71398702479999
66.59615768559999
67.84528728819998
70.53053794339999
72.0803921352
72.50258761399999
72.34142827939999
70.97855695419999
69.8813302204
70.0630530838
71.8444592582
72.4408457822
72.5193056318
70.83696030259999
63.526353934599996
61.407974947
59.96488019239999
59.05987831299999
55.74050795799999
50.73958575679999
42.4927419302
35.8729956328
30.904145246599995
23.45705941899999
12.998915314699993
9.633951118479995
5.160456906694993
2.775455686392493
2.5024952629324932
2.8650344612224927
4.584043131429992
5.360569651829993
5.5621548484299925
5.524600632069992
5.910916232139993
8.173107696649993
14.63786417144999
24.814055937999992
32.40653383549999
33.348121760599994
32.33858929819999
31.725637193599994
32.09710110219999
30.666832039899997
24.52102679069999
16.247511190799994
11.870512211549991
7.384656136919993
4.256414123069994
1.5962980148299932
1.0343299702199933
1.0215065795099934
1.1547815113099933
1.7234444186799933
2.197494337989993
3.4196877184599934
4.996648833639993
7.261351922349993
12.268353551499992
13.077088806099994
12.324363489599996
10.992296151899994
10.629908342099993
10.242717927599994
8.989773446609995
5.031373695339994
2.673280615189994
1.2307112247099936
0.9706828886249936
1.0348104846449937
1.516754806534994
2.5836139461299936
3.5757406139799937
4.567626131849993
5.549326139339994
7.584181610999995
8.950704712169994
9.054107872799992
8.381109538259993
7.5073704373799925
6.827170517219994
6.664790098259994
6.416492660389993
6.090995502829994
6.244126015819994
6.863812360119994
7.5899816087399925
9.004064469619994
9.786992114959993
11.462566166299993
12.154960933699993
13.357864083399992
14.632337520899995
17.698116825999993
18.278081106099993
17.488996766299998
17.104058993399995
16.790220573599992
16.320209980499992
15.748413180699991
15.428282607399993
15.047280789099993
13.346758639599994
12.622210670699996
12.302117327799994
11.754879025699992
10.945188192999995
10.770750190899994
10.264489243949996
9.414941137789992
7.712036678429993
7.131694374649994
7.044606321709994
6.969673317589994
6.407180135779994
5.0457404646099935
4.270453248319994
4.363095438739994
6.139183611839994
11.246624199049993
18.891551006999997
27.86396309309999
36.629884976799985
49.9241283768
61.8675544738
68.38350289110001
72.16904538419999
72.86844004740001
72.83710421980001
72.8824849696
73.6362992652
74.2841958576
74.78942396080001
75.16970269219999
74.92080370699999
71.9690448524
68.5923339638
67.3913792696
68.022877079
66.8777743233
65.29451501790001
65.7808883085
69.0282761188
70.34574468979999
70.9944885958
71.687524844
71.60614704199999
70.253958223
67.7215890494
63.97471940679999
46.76089931539999
42.75327117479999
35.49338758949999
35.480934308399995
31.921537151799996
26.971655946599995
24.301987660799995
22.503934282499998
21.8214855102
19.989124397799994
17.1382844547
15.863003909399996
14.434036120999995
11.919996700599997
9.587753548999997
7.0459376605799955
5.854860922809996
5.926571771949996
7.491019202949996
12.688233444239994
20.048796920999997
22.924594864299998
24.825173011699995
26.067264809
30.588926403499997
37.1111124542
43.245432122299995
45.677269353
47.1184780824
48.3007788297
48.54609691089999
49.17294110259999
51.84692961069999
57.810316537999995
65.1642751671
66.5333081046
63.9903553777
64.4067064294
63.3813084782
65.4146826293
64.9805945303
65.56594316409999
66.9551316785
67.51567056830001
68.00629250159999
69.53091564959999
71.19846659199999
71.8161588071
71.9963321335
71.511774973
67.8003819282
61.1328930249
54.38446679159999
49.533421864299996
48.2102512435
50.4687367011
51.693497718900005
52.1457239754
53.3258409676
53.709897299199994
54.863270293499994
56.782534649199995
58.339434665700004
58.5654839181
57.54336539319999
52.9702484475
48.140250734199995
46.67571332019999
46.2162298034
45.93339969499999
43.64858524469999
39.3277124624
30.082343630299995
20.150793576399995
12.648820779089995
7.873967622179996
6.586348995739996
6.630201652849996
7.851355558809996
11.613399580899998
15.364061969199998
17.544389342899997
18.475239714249994
18.419728954049994
19.0266874222
21.2203867822
22.385664032599998
24.485646545199998
28.076028334999997
29.204332812399997
29.2586102995
28.907854617999995
29.090086004799993
31.9140278861
37.82666543719999
38.6685170417
36.2602986423
31.893687963799998
30.204837283499995
28.494572904199998
27.639038314199997
27.706832747099995
29.934415841699995
36.997519497599995
39.7174924358
41.3223047357
43.7394437617
46.1301099802
47.83203528199999
52.5058640128
53.54841924910001
54.108082065000005
53.300185861399996
53.361705696
52.69048334360001
50.571598690100004
46.1255248857
39.8689497287
31.363269947899997
23.825502704499996
17.360683985199998
12.714071001699999
9.33590024588
7.469500224039999
6.513293599649999
6.536323057569998
6.918422982399999
8.643767693279997
13.532224677109998
18.847553130499996
27.064252849200003
42.0686697379
61.5901209661
72.2815230606
76.3272543856
77.0133281742
77.06982366220001
77.02875225609999
77.1598584031
77.3990258717
76.911841925
73.7863198836
70.9254974002
66.991655734
62.967848728300005
53.944909867199996
35.8147571531
22.6181525438
16.960635708359995
8.438342918679998
1.955519365959998
0.9641568197829979
1.1373808887429981
2.534361290342998
6.021340802749998
9.140028879579999
10.41795846515
16.7716529066
39.2567283285
61.434775820199995
72.3318934637
75.74684978200001
77.0127555362
77.6605187202
77.9986992041
78.2340736842
78.6870123034
78.759423976
78.68228177840001
78.41302086760001
78.070872934
78.05882050509999
78.4216518568
78.5269865905
78.3000782485
77.2667811602
76.0456566842
75.85393803619999
76.02999045380001
76.24208655320001
76.2876976364
76.0851703946
74.9751640828
73.9681567852
73.3070526864
72.3307269478
71.3285289602
71.4035226518
72.68145294039999
73.77104019540002
73.80477071340002
73.17482858400001
72.035027996
71.59070845250001
71.3577602066
70.3477083514
69.0816821689
68.7337715998
69.2140586287
71.81374379489999
72.396543719
72.108462383
70.3857212221
67.5133166074
56.85535993
34.264190158
19.36477379
13.1565245124
11.6288819046
8.918010209999998
7.762071780259999
5.9687120812700005
5.713945225310001
6.403576071050001
8.84691521334
11.6436655905
12.1329069726
11.7631126522
10.461021290600002
10.0563214417
10.4307103538
11.69718357615
14.072269663
15.222132407450005
16.8262028482
17.668397773800002
18.9992065832
23.4643437968
27.699735080799996
34.9199284653
39.9211596481
40.5774903598
39.2611400711
35.53454307609999
33.6715013855
