Выработка. Результирующий расчет
18.86832465936461
18.08944539745758
16.433563060192057
14.719952235181118
12.297918879215473
11.215736476343757
10.799343966108774
9.008354820876653
8.955476573936533
11.21820265902982
15.788690185644588
12.387489461222305
12.233879656189554
11.798614217414384
12.878211076864563
6.904620700965786
11.116256546351504
15.232332903444094
20.37421714216273
26.765619490199672
24.860107832101445
20.7203229501237
21.584870788138325
20.630050588089496
16.22315974751032
15.406868094785114
12.757159555157719
9.976767137420637
2.5732631611698653
1.4241559336930296
1.37581446407546
2.744850075135623
3.6320541187160957
3.53745085720971
4.236445997845724
5.209079609750494
7.732496874388529
11.055190491422099
14.27980497742383
21.32302225585123
28.623671331429552
37.76729991846803
44.39530526872318
47.52178797206906
49.83834025463417
51.980852382485324
50.71973903898162
51.88174204261113
58.84275965661671
56.68445328512261
56.8723523026093
58.48808399263305
52.44108888221631
50.94829739746009
49.44676523570132
50.92909853066245
46.471940108640446
42.357445403228056
40.0813349337719
37.1646599058462
36.748588177341745
35.865795643929665
33.117980211322894
29.119771051703786
30.728825696411874
30.880108503824093
26.443064340431434
21.876207533217652
18.636373781424766
19.140747737953404
11.689601251129607
7.046313526294163
4.144917928651802
1.7547285298566693
1.4736788522217863
1.2135433671691054
1.0014895155742651
0.5354856942519811
0.41725471249542123
0.4041154056649637
1.1042015061078134
1.2113891382630269
1.6430723214162637
2.0243378206473763
3.633449385965018
5.863760007667718
7.368861156872785
7.796319757527624
7.858461041723086
7.18876775153029
6.880798285975621
6.373941998721592
6.767872873472495
6.527445866287307
5.878401063386851
4.800226626044467
4.384770185979449
3.3528706016205336
2.3974039977450246
0.48604540498329324
0.0
0.0
0.08450956499232316
0.26059651143645945
0.7351977515142697
1.2598983272640356
1.5981563729959476
2.4929619153642317
2.899202047900263
3.6106968008623044
5.516097113455749
8.413239737655278
9.702732086724303
10.271920087005388
11.47907632863089
11.959720413366776
12.686967208836048
18.054086839971603
15.20202328322307
14.770918940882789
17.287575023726195
20.837684992973095
24.9712165892766
32.79692056852512
38.60038945772265
44.437082814018964
47.00761602410846
48.07381962394388
44.90049778862348
51.517095519015626
53.83446404811774
57.45974487969809
56.9730918609453
51.38632148949943
43.83488723846789
41.293349087947746
31.32471882857525
28.52028428286615
27.763675991941334
31.252003008571368
32.253722947251426
32.91335375900911
37.65183188199763
34.98541215570175
32.72851478114275
31.187021826252348
36.391833100337884
27.95885398789421
32.31134506643405
31.565996717038697
32.1731934856171
32.63154688325271
33.24543637032156
33.48466760669568
33.051118964598956
31.68966093554376
36.607737576401846
39.598307162577484
41.01594742823506
40.509666740880235
40.460366417126146
33.31298889880123
28.030385353989693
26.489140872678625
20.76215631119306
18.0375696505654
15.319225726039493
5.348785927958783
14.176398514109165
14.902682909259665
17.665378837624726
21.90502570082551
24.330838024083477
24.85021124427787
32.03204239611428
28.80868609008348
28.147729012993516
26.686909646186372
26.900378752942537
29.887549021743457
35.509348743548
43.37494867613307
49.45824488470532
51.40245791677809
51.66071292820385
46.499387928019054
48.986975165166285
54.84022427049195
57.22547327315159
57.76221662334348
61.50699774413236
59.05050464888994
58.38771484170571
60.61131634229824
57.50351335895181
61.80755808241757
63.74902162517941
65.63850773507795
68.16234290624553
69.87609637458584
71.35933882032526
71.87427873896056
72.74823234692123
73.11555759230681
74.22168477974114
75.14710730211523
76.31303634542063
75.69813808367734
74.44191360180868
70.95702735931175
75.9332173304136
73.10075282865024
72.88675426698117
72.44973692251497
71.07507793203735
72.34003169822157
68.13775901939323
68.41972337325625
72.48175914041165
68.35729575381377
69.5478131667538
70.8045599256554
71.76480983448329
72.01419895278683
71.92471788957799
71.78616656543404
71.39820308489978
71.0643006888393
70.79037491019292
67.7166774782086
62.520787633837415
54.544721233704216
46.03860571836427
40.973964427239906
39.763654825866425
41.62758331641866
46.90589226868521
51.41391179267866
62.205720233921156
64.85012460104409
66.80471971373166
67.8137272802521
66.7170295799859
66.58460634763347
66.4988482105608
66.17010159225991
66.46235418169411
65.71901136827988
66.25717515183486
66.51964404022108
67.0726809203227
68.93003680977331
70.23063032090815
69.29581343993361
68.63420718106147
67.35834528028303
65.28415060553377
59.89724300901804
62.151391677632255
62.054362552532076
65.21158376504196
67.24113503439818
65.87559666062957
66.04891356460297
62.82618565090747
62.86327327031989
62.647633415528944
63.17801151831213
64.31911642272074
65.02150461353926
65.87194796048746
64.03658338115166
63.85005241967382
61.32833502226772
61.064049217846254
61.81272665794027
64.62043869907428
67.30315812638413
66.00632052683633
68.99228320277226
62.50051399348795
57.69138787980365
56.961446079397405
49.22056860727096
49.036642529900355
50.24820660351252
53.7848315498253
54.091169435882264
56.595436593070126
50.8174581931569
47.38162666168384
48.44090878792488
45.22752612891946
47.03218196197204
47.286755478190024
46.50605886801566
44.470932473473376
43.87871277157815
33.72710867936643
26.792436298178025
27.100044761933507
17.68947982586771
10.09443173503461
6.0866369038380865
2.180069292002486
0.9664261797462781
0.7089941120187851
0.5058551782192838
0.625177264382361
0.5929056998408064
0.2754245767490537
0.5454840770437539
1.575487097054501
2.031779270349516
1.8817727724410187
1.7215384832098777
1.7406929126191424
1.9146269281151702
1.7872646409610873
2.611477114997927
2.8165923904197445
2.590665094645684
2.0281803380180436
1.1845782043267694
0.15240031184071853
0.0017459426695964253
0.34745277057657303
0.838493707178944
1.219475014071953
1.3038114594277372
1.3198423196124698
1.1804012409958824
1.9240895263062627
3.0325705833505356
6.156335552767784
8.487013016761566
11.66262193026407
15.397255823037495
20.239071308969905
27.910814518277213
33.862299282182235
37.48848774742234
43.00591557839188
43.256080120551665
48.87638130274726
45.667419913839794
19.15883687032489
8.720353358289476
6.476608416326367
7.2390885847844295
9.929985388319293
12.012527787784926
20.505638539189068
20.101190618506305
25.328854785244957
31.540562066939657
35.923682130019145
40.56881137166015
49.51732414137144
54.43208461748601
56.52139431246848
63.64372917834155
66.2698644087529
68.33920721980462
71.82105206107731
73.45142516138179
75.27842286704332
76.3814494709272
76.83532702933826
77.48744965368297
77.77176224573762
78.31047891946142
78.32562183361087
78.10782813181551
78.2563108163616
78.42351943664583
78.13667240803558
78.17352254309336
76.82477287946358
77.01694469451549
75.32398471948916
74.36258438497063
74.50582314278496
74.96251099668972
75.19163627469419
76.2191009765049
76.51388008411382
76.78836673409806
77.05173233437695
77.36844461253894
77.31412453251646
77.54730760398844
76.96055846285272
76.6395685189426
80.16596486366672
76.50595800300144
76.75901649338662
76.96968502178078
75.91308075277465
75.95091549468913
75.17600285643861
73.65088393276459
71.62263619801087
68.72687235834927
72.51658107617752
63.33153043472741
61.76741927462957
63.6951082225465
66.56705760832295
66.14173395054529
68.47723202303303
67.25680588946123
66.65115090298762
67.51778232627115
64.2535549112413
67.23825285021964
68.56617642552703
69.56844367448515
71.60820702898215
72.8113770114183
72.9197748910721
72.54871398017254
71.08646467867618
69.0703282445572
67.08083528366465
64.06130403293777
61.14839637371588
56.2917742902594
52.2923118318823
52.08306733405301
52.32249131253746
56.8857481048337
59.55448689213299
61.894908873464935
62.11310000092229
61.31632973156616
62.972442206783384
57.95449538902559
55.817217635782754
55.24112192709094
57.23508423092899
59.6080236179745
63.33180435047128
59.84451675831565
49.13409154462262
49.85667562793882
46.16600060252474
42.58042074676105
38.457820321793584
31.359195273971924
24.21509095008244
17.743737781620286
18.843145820493852
18.19245675094187
29.740234103541397
32.77319633773466
32.71803973192632
31.3822545118047
32.274627359858464
28.149254073624313
41.943096776015636
48.22238269337998
43.608655560523964
42.82173806506748
39.119363817027605
34.76927035445462
28.532481905534972
22.408255918639615
14.34928202868491
9.235229960515486
4.343568050708227
2.702318498437658
1.8121455236943405
0.0
0.0
0.0
0.13096990116118246
0.4464148337925647
1.3534806047620929
3.051984744172425
4.458590263023608
5.929796217112168
7.271513778310338
10.53415019030583
12.653846202088001
15.17979857720876
18.037232456574777
20.112838188620675
18.677302689263414
14.868917543828797
11.160257998475053
8.609483615425933
6.246554605139252
4.555929076174123
3.413766352223123
2.5893670715714876
2.5914234523113846
2.522658306592532
3.6053388510280793
5.470945448583968
7.019738054155486
8.19311749097243
11.751958538237282
15.503846669534157
17.48365043150878
19.395991870385128
19.477465053392603
15.179732273896661
12.112478277986064
7.1992109902958585
3.6113727332463634
1.7337951896021189
0.33996829040080706
0.29290301134755425
0.5030849137583123
0.6604391545141481
1.0115878905303877
1.5344636831519884
3.051244532091181
5.813581193766984
9.411398871978118
13.856823867397443
19.56259418959189
26.48403304762292
34.034311533798146
39.71100494420236
43.70026484820331
40.53948001340481
43.33479700945537
28.599341404571852
27.710658922438313
29.08151470097405
29.146280915631536
25.19831188000568
30.58098285927756
27.570735135746965
27.703960326405888
29.688501028467588
26.01900572429991
25.814463428388922
26.85126554821029
22.648504528224343
24.347811467268205
25.823577807380325
28.072751418223408
32.02088072999556
34.01373488447771
36.60425926277471
35.90897903203318
35.23953235617102
32.86593666859026
29.22649167513079
26.111073144652504
18.257331840279083
12.542958761846178
5.8561987731237775
3.667017383566552
0.3798902138196282
0.0
0.7757361274819551
1.4728474735723003
2.1835281831512106
2.989911295405187
4.828739359047563
7.1972973849079445
9.848370058662857
11.630115647902025
12.126233024786707
13.16680091573752
14.641945247997157
19.160517674025414
23.079524212951792
29.27765699027597
30.00816832497158
31.895571774463196
31.47912457607668
19.347390931080696
13.319124554497701
10.180284583445436
5.721128096740534
4.147515484712551
5.473078965697362
6.06299410603044
7.051836449704639
9.168461366357384
11.170863417189237
11.824808243348304
12.3506572680964
13.038852054099236
14.630154646326886
16.49554791067144
19.22005269898956
24.832699101480497
30.229550660996903
37.050076373140584
41.05883320222199
42.877716262433864
44.56085314783301
50.86780744728845
55.575901838193495
60.46377114457326
63.01106867188668
66.20027371902185
66.15036796957786
66.79359577847598
68.36665990524521
71.8591539057825
74.22713311172697
74.60419583676257
76.65974874760383
77.80301559903376
78.36216505404018
78.82443322762569
78.81500483480153
78.70372964450502
78.47106730831587
77.53534676019234
76.95998809246338
76.86451407845179
72.41302845554783
70.54225710454328
67.92974275078566
64.68028639267871
61.67990516427387
56.49823759094508
54.777657495574836
51.024187128622984
42.722185020174535
37.01335611552448
29.8901577723168
23.82835109627766
18.098002457060268
13.238850906271
11.43104533880285
10.672201008370582
12.391800659725513
15.8021112479329
16.364968808108333
19.721095703368086
24.883443645601847
27.045358967934135
27.569193310798745
27.02268375048333
29.45675646707334
29.448647140843704
29.622220066241663
38.05932031148491
38.79130355229843
35.967646635367004
30.507295124108516
39.733299483099216
39.40848475950311
45.72028456208904
49.08373780188261
43.485762005404226
40.643553025744616
38.091917132315906
31.115388100528207
28.547995071222115
21.50506446390905
17.915240439607445
15.739757406506426
17.13955085984005
21.390829516648655
33.68225707610682
36.773825656012626
46.49377638191397
59.62457728879929
65.22630253732149
69.3424258014777
73.26480190312843
75.9610434661966
75.85366100654508
76.53677668533378
68.79728105833273
72.716589337251
61.01738961850967
49.18223327890599
35.60115590880481
26.19369328929084
17.18451695678281
10.594237847814952
5.432425957039538
2.754107951564187
2.7151913472749944
1.7364634474578153
2.1098675912319327
2.800719780324993
4.361402314679726
6.67412038634695
9.32538150282385
13.469508136658336
16.378944657036005
19.470193234308805
26.094874727214837
27.88101053477336
43.58626670928022
41.93947375742792
35.44497656725622
29.788253969356422
23.927714518639004
15.677183374583802
9.211415331550349
5.025597321581224
2.0328195063189107
0.11902714252759766
0.0
0.0
0.8248569297514547
4.089047101822074
8.511550024669175
11.663540702033691
16.900438605735264
23.48694234589412
25.709900591154508
29.823524798016564
33.678545971745564
37.30457759999543
38.808185686738724
41.27466209102635
42.88916484008021
44.550069469008754
46.69472986172242
48.06717708985295
49.11838274305183
49.90055531224398
51.71993343592879
52.933846469590044
57.22767801932781
56.54653401696078
57.12012293739939
57.25976468706677
57.84582187477437
58.443460095604635
60.94456746701974
59.547018298128584
60.84166961099236
60.77488380429886
63.81565151987667
63.61283985451888
63.90792297050882
62.3045712483441
63.495795581198784
63.69510565870793
64.03586060145855
66.17733666157083
66.7699252149238
66.13305014408253
66.48416282455973
64.56232206221235
61.965281722678775
60.8533533703994
59.61173348694789
58.18969685540873
56.869964812458505
55.758351636197084
54.73596883945094
57.07605716626131
57.17074130534714
59.40983306905325
60.65657579918344
61.23160748132205
60.57621488511598
59.05582939507347
56.80180161376561
55.16678281389881
47.37068247494834
27.677197651167354
17.798923331085753
15.322783292379103
15.117046245275553
16.11110272014126
16.017947824036398
15.825306337025891
16.84190900036053
20.62755252720697
23.824839944997244
28.43452797161778
32.80852890659046
36.46287781757246
40.150526708911265
46.59433098873505
52.426847433742815
53.83189913407623
52.25776511026213
56.62322861792697
62.309496455530585
60.13121448477646
45.47667530461705
34.89619762847447
20.89449172936005
7.543698147838532
7.400917942005355
6.87008169466925
5.280923707388693
5.1953717075894605
5.428443752312081
8.634926057934646
8.133988754343077
11.476075170324316
13.029988660613228
17.554203831022853
24.745474897933683
35.22472656587499
45.03152717535398
50.61885115966152
52.785741348944185
52.994575336680896
49.2388830417553
39.60921440748006
26.55886121978311
24.061982352139133
14.55541963109322
9.0127818579614
5.688472723311385
4.381284310805859
7.202652301726707
10.053832904324844
10.273184119748729
10.07793110164467
8.771412413869697
9.268485682804311
4.398020840760364
3.7351179361115476
2.963218124792273
2.510549527774542
1.5631635073018424
1.551309808901516
1.6970552011170734
1.7048856963672014
1.5559943752024437
1.467844791616089
1.047321773034841
0.9625866847441066
0.06554825105783707
0.0006172839506172955
0.0
0.0
0.0
0.0
1.6134027261157606
0.10779173124488457
0.6679339609593642
2.142700854396813
3.331125104842642
4.516532417732214
6.882586374015142
10.538179328452749
14.601720723788564
20.220438643021858
27.116983116298485
31.725592425254575
33.12981961112355
38.21462364299599
41.08163475463387
45.1934032150622
55.34228061718116
60.65234153232498
66.07092691505107
74.71704826469684
70.20133589796191
71.56458222681722
73.45937431379662
73.39554913424757
73.14036003971002
72.98723918655199
72.84218657982048
71.98861250458553
70.78454805456524
69.96517915038682
69.78438260488787
69.92308324834208
69.89465516911935
70.2353220221341
70.16980492501722
69.88440449846922
69.70777442878293
69.77918992039149
68.91963370499379
66.14794319626512
66.11587663036619
63.13824517341913
59.306966759079316
56.389956284800164
53.86001615726572
50.4317968332022
52.24093630366203
47.71916457715855
43.614793739108016
37.131300981193625
35.247339933312155
36.744805271959976
40.83155188821552
49.35663187979988
53.313459772391894
51.697896092962566
54.823006906924206
58.547424942949995
56.152510462492046
48.8626932837681
44.3422006562264
38.80616455453251
42.62889958605959
38.77672099648698
51.0847835234376
48.671176628973974
44.15250604846735
35.09488336431251
14.073643948257823
9.160737853035585
5.796764429541909
2.0785010351524638
0.44141430151659944
2.382132899280407
2.6689920068834265
1.0726639833556604
0.9344674923524129
1.085317173004469
1.107536842212316
1.7751318393218667
1.7230081203348728
4.10889499356578
11.429085444880098
18.36284066031532
33.42021760442174
45.6821523222323
54.59710863588106
61.93304808309867
68.786343666256
72.14778115570101
73.51412762891916
74.95550264028553
75.43096458085785
75.15851285307828
74.73445069809043
74.31826086973705
74.48851849656049
77.14550068046964
75.0207727874964
73.37773327669265
69.75325634776533
67.85060504531052
64.19721404423709
63.130707856903065
54.01700090923284
61.684425640467865
62.46395067682531
58.10224609638997
60.239423609421024
64.46121619767803
68.19344781563099
70.28390332239593
72.99419536341205
74.34680209070156
72.97394381404688
74.97942201936749
75.23244711533506
74.94361220162321
74.12791728338314
73.17536774414482
70.77005944545218
69.04185486791782
68.5063151621298
65.13671019137671
63.68472996292374
60.77261051359145
61.16759966106742
59.178706405158195
57.60677334617718
62.13559402881326
59.90591959333624
61.502223768094886
62.31929352124478
64.85981952307861
65.620509439667
64.15354074073115
64.58078704904455
61.433625508995156
57.875825341853506
51.08698608030131
50.96622951837503
42.761550617659076
37.914508839979334
30.483495656033107
27.203043375523205
20.97942769383956
16.061052489392324
16.71503179234035
10.266258070840054
7.929738506539863
6.173185551050423
4.693065359801089
4.174434257406373
2.7413495840339803
2.065415998162096
1.915821428037656
2.4278992058196156
3.456352053234247
5.027909524904158
9.95874449996421
15.627592335544193
22.71995213631486
30.12196852273709
36.500754445028086
47.183507058587715
57.28449304160597
63.85345135216419
69.89042270898105
72.4993872774923
72.65767552601108
73.77393194600572
74.4253573722355
75.17277209495458
76.03450810562921
76.4276528418023
76.62440075219277
76.4627695951966
74.19100433549939
76.38829979615653
73.9736917730397
74.79975832751686
75.2943178721917
75.39517454067659
75.41296787025746
73.87148371718811
74.36760796853684
63.951002406255775
51.07973144232334
37.60456500594999
20.25985927351397
9.095619056836254
2.740671903809939
0.6796510362755451
0.3643702672953657
0.4479876052711866
10.311833734194625
12.47908394976019
15.157424511387054
18.583811239614867
24.751102210683626
31.72140451360603
32.82677737659435
36.654999115050174
38.67166396026641
40.988404177945206
48.27340481932611
49.64940959678323
46.27335051463843
57.781925698165125
59.040600572567975
59.67177332995795
57.57248918382207
57.08357206046657
59.69010844769485
60.78035723326383
65.65833158349098
64.11463917974656
53.80986716558045
58.68537128014602
63.206249289033046
58.14331184774416
64.06151456461548
65.3798534472149
70.20093775954295
74.55832616295378
71.4927445817854
72.52955020552263
75.6859644023172
69.00181041387725
66.75356591582171
61.777417591966305
60.86019177674743
60.899385503819495
61.59003616320856
63.10764393813608
61.37991278152233
61.20848446991214
55.5420588356789
50.289110510273105
49.745039970966836
44.40832558365801
49.51002121665236
54.02738639740724
60.382542282374494
65.17492910997566
67.50145189193151
70.35865181037478
72.16447406517392
74.1806584750472
72.4545904934225
72.35064168322415
70.50519633641849
69.52144950899728
71.16731256467025
68.17958673906573
67.61581956130347
67.26966472073099
66.79218949862069
66.10548344146785
66.59295060456134
69.63034570323896
66.3474781316442
58.49589316165865
39.40832459354438
36.89649771569651
36.353932102531246
39.0683479124969
41.50034983651542
39.68805943811088
42.755582325423234
34.84002950308959
27.89708779498144
24.875050925195346
21.951029252484112
18.390619372355765
14.544922950412804
16.52376778134398
15.182463186744858
14.77635573278577
15.102465387148692
15.301520823173187
15.625389853528468
16.520043923579774
19.025995742478415
23.06765667076216
18.28296880647708
16.10425301524991
14.643561802612343
15.668057611801075
18.397613558517406
20.694049245746417
23.090252369333193
32.98545739721426
37.97842263964197
44.54768891829521
53.554739376988856
50.699143175348254
51.35367273216791
52.14367279071054
51.71054779047353
45.304133329423095
34.55021261413429
30.169226607285445
13.98962243977887
12.691915581879856
8.966133694126707
4.81041237392531
2.573429614069203
0.16485524987650763
0.0032075014954979298
0.0
0.0
0.0
0.0
0.0
2.5417018713427804
0.0
0.5776518505833743
0.0
0.0
0.0
0.4347449159742189
0.0
1.9389537936389152
2.2745666220955036
3.815946479171525
5.3865492674548925
8.435480996955093
12.054361973245284
16.28313110705299
23.924559013520565
30.414006553705136
36.39581698787066
43.729753190247145
49.81736984960011
45.63907086133901
49.48698262927816
43.61556783875805
45.70073019494023
42.79060566902995
35.27642718268958
41.54263497939451
39.34565965123555
47.73653192018954
48.718291220265975
47.905492382252156
44.22551666309345
41.19355953403844
35.74372390859369
33.782696819214664
34.28284730866007
33.73139202089012
39.007034413186005
39.82864890001441
39.78815516232158
42.23244419784178
45.480920451398774
48.62311359417256
51.00430423830929
52.83962469689735
51.20234300634086
45.56026253578483
36.29167854904473
25.857259993671747
15.903997364290113
8.004444893934062
0.7218873867695395
3.559459020570992
3.8366785555909315
4.192649875718775
5.058607749445783
6.955896594071608
9.470692361972256
14.401397295895785
18.271819339128726
23.475769282225638
29.469992056239565
28.035546288089108
32.23804626197095
29.069022206983792
31.198091246268856
26.779475842320387
21.671301811755725
19.554846596695086
17.68652544899104
23.374569476195525
26.419817937971406
33.04310780671909
35.558447398332454
41.024813255970074
50.579151609070685
54.38998025587032
58.243662875227976
62.08426548817662
64.85373694552105
66.64787035856284
67.6503521256765
72.23070917903394
71.29425994186415
70.74119900979497
69.64223917217824
70.0006155252321
70.75587732129026
70.76632896670351
70.53263727564688
70.9270995367479
70.65938615543898
70.62844563118938
71.08177228114772
71.27230382251882
71.2600080085287
71.9202846777178
71.80515373549389
72.06776398222942
73.32455415555044
71.71069027242409
71.7451204629785
71.22584809032783
71.65259957009657
71.70176107545242
70.8840778696321
71.10037229801256
68.86140759323698
67.79970161292852
69.45821694746975
69.29144366034635
69.33893976150074
70.47165642531708
68.58149423271261
67.02575456678322
63.16731156682416
58.614274919279495
57.92786334765828
50.50025840630278
48.99050380574318
41.666549874235685
50.1010103607471
50.9709249970385
52.51073639675815
53.58871727525556
53.40197453165663
52.84444363148817
51.49408808960966
50.749997877480816
48.494656357538105
44.20082215140568
42.374573769367636
38.225901786089224
35.00282043103921
30.013334602892627
22.034052405008257
18.57525084586504
14.11471490672928
10.13903118610101
6.359884732455622
3.4444664883929756
0.8988351216398707
0.05521155499999484
2.2527223182902563
2.912724641857556
2.570382035687213
2.4113254709725003
2.596270671406063
2.615650215641757
3.3776434101594437
2.945694543215179
2.82658559447621
2.515474086448555
2.236214247355215
2.5442429993502174
2.3928311685974175
2.416528181815412
2.7861159113737193
3.462132422755183
4.191353153026473
5.5252540893909385
6.436918870838464
6.503243430678582
9.323554662906208
9.658014806801168
11.25831814484635
12.620618600012996
15.527305958579605
25.366778273869933
32.09410474418499
42.11695313167214
43.03107600473811
46.799760048764675
52.2503178329121
53.28871080234641
55.645667256273576
56.74914253038798
59.80351604111309
60.16649838577674
61.00280650899663
64.83934008780317
66.28430841761926
66.97637650708758
67.62831279869351
70.01707090005992
69.61126171037286
68.1224576475763
66.98639612348298
65.2891856910995
63.580847023369856
62.20093562458949
58.28681068791504
57.49665982356291
54.3138599267806
47.77085842646029
49.95968159569024
42.62622455344743
38.9030433827458
31.66098861047207
24.014343140055512
19.810413150427895
11.792869817314195
8.720134416190515
6.562512895846851
5.341586896479038
5.621130906806046
6.217525585527867
7.421513728052516
6.682733851032654
7.122142721876628
8.239481668699522
9.957790018350188
10.663975079176982
11.359180222703667
11.730964069830433
12.428422137748598
13.31971575518514
13.501025523140186
13.183253432765568
13.708660617077399
12.577670883060309
13.703608188000729
17.391641560001382
21.77529866536376
30.36545489216118
34.73178988526567
41.48923756815317
57.92187331401696
60.970955943656094
62.62592033840536
67.47886266053759
70.15584093452752
71.37082694360872
72.09926154880684
71.85309929742023
70.5139657099536
62.582939703901815
70.00551084386504
71.94403617286295
65.73226283892248
64.493248173783
63.03437919679818
61.10636471331801
61.122854857465754
62.599054974656966
65.043833402722
66.40184978909673
68.22868817658814
65.31571152583714
63.109682130050366
61.79239247304262
61.31879825479222
53.10734307993098
59.26409845396654
59.725612191237495
64.23503299476397
52.29780823836087
52.8132925891168
45.9031244835386
59.0984707516371
51.72091849108276
58.55831079065158
57.838979003175965
58.468452734404856
56.551136606447926
60.07291185963227
55.771658944269035
52.09419693728944
57.968804158408055
58.42605459169615
59.21030089627978
59.50824943431123
61.35596452687168
63.06562793813002
63.171874588089096
66.77895907884682
68.43078598143211
67.68169838465178
66.99727722498235
67.70729541029677
58.97357764772528
49.43581920180299
35.802758094203064
22.933918819477825
16.515048053292567
15.524630368665571
12.626522559757863
13.90808139070956
13.871034893767437
15.246885358608981
18.67669199106097
18.439700744755072
28.880825348479643
37.79027938826431
34.66797098026011
33.799454263836125
36.77279609507129
47.59386944850425
53.45992462944256
55.42870418342306
56.43682728720099
55.83060375457207
55.98483378864812
55.63759034736385
54.456914558395646
52.517210326583395
44.563426813651084
41.7437328891921
38.596911647349465
39.82646193256399
41.12393892009929
41.82324046652279
41.45260752795815
43.33429825616475
49.29017646721105
46.618059547686435
38.80936700240402
48.82776685145935
47.297039135920386
46.288939383574984
49.69581349021695
38.60725834242847
45.157840194320514
51.397812117748344
54.14441693584041
59.21638786560693
61.04291104605612
63.077469461969955
66.78770704224678
69.50929908040116
69.46870842795218
62.53885589900461
70.25384908821296
69.83323723316798
70.23579246358686
73.77793992141417
74.60771444805121
75.30364567555347
76.28621742734002
77.47697906041682
77.06269868508505
76.96170404666522
77.7482735229719
77.6104059154475
77.12624365808921
76.697704025139
76.5531014746186
76.62666655450543
76.67385669745283
76.69462217140254
77.15608856894171
76.83305520845644
75.50372427244038
73.5735072334169
70.85427911857606
67.31414283318801
65.8811914034547
63.37359570634601
61.870819141685864
59.54104677759325
58.275684130007
56.78131942673313
49.740333813237015
54.656554921224405
50.835114325569705
51.59459161048803
47.15659575059634
42.980500208175954
36.45076765328754
34.04700925051774
30.007184084126834
28.058675768401457
25.822572627648096
20.787880599215676
14.650423449872873
21.158015304787426
18.306419951525115
15.200731624907048
12.723192494798548
9.909559515757735
7.4362537425872866
7.062752510615044
7.215696465358386
6.931675668453831
8.987495456402895
10.14293623670826
12.076537920958028
15.608534671349739
18.540986329695194
24.811576463830885
16.28493432967351
25.801399942391228
26.247333769977825
27.123077536405216
28.70787252281386
32.044400791807256
35.46548465557678
38.13591942201565
43.22582045551284
46.806882487972175
48.09296468646615
49.16490718691243
50.050417627959156
48.69527549254668
49.377980982957716
49.424621303555746
49.702061156403786
50.25849916023605
51.41014614226061
51.42869946564702
53.764623026479306
54.56097246100197
55.27795645847522
56.867051374420186
57.388556995434776
55.985703608040495
56.408020682898645
56.77294647630627
57.26077792637859
58.457298761954966
59.07437689418788
62.280084082946885
59.28497111209035
59.248586545677625
58.93337904549615
60.38527695091061
59.25749593618449
55.780120363862586
55.83254281492706
56.293961802897904
56.64180833577531
58.68194036854344
60.14846523813303
60.45333732017244
61.11540278971636
64.05297123011118
66.0457992936571
67.76959595988053
68.72982615453711
68.91495052370095
68.35196449207827
65.69139351006785
63.892432355249305
62.433336621834144
57.05848300426281
53.16775343206355
51.59387590252976
49.110023179734696
44.11194831808824
39.84781155429008
31.973363543547784
27.227716492224907
21.963049800491127
17.049336689577856
13.694086922513476
11.834717326130034
11.431472979210085
12.464942408956095
11.903716841570118
9.631738422642261
6.028690959021207
3.568936170873914
1.3329071168484534
1.6548890116195758
2.883041954779389
7.539323332908693
6.906328451529728
18.306868533639502
33.50071412089787
35.07637947940964
45.41432062422336
50.847015111306675
53.93634443548143
56.270654816005994
56.038843092059125
54.47463238779635
50.40483280500165
43.280907289545006
32.577130392621264
27.236123444476505
21.77025316794557
16.807820132017575
15.199558647549324
14.037006158807495
12.988920641174653
9.532196850092333
8.018952451047324
6.192146906316811
5.488878270155483
4.294349090025219
3.721538656281093
3.3287298510813685
3.975928454943979
4.970813836970478
6.67143647600263
7.746558962076422
8.139611774473224
8.20094401403919
7.175088644073472
6.1551363891872155
5.462874939489916
4.021307643166321
3.726390029412914
3.089147840208039
2.102211906557232
0.4857397714288817
0.2906099203469442
0.0
0.14871648066235008
1.8639510622905031
3.190419465423784
6.533628636872735
9.976400402281673
14.245656363783311
19.275501754517666
24.21094823738463
29.43899452157889
34.63202805051427
40.34132589943904
45.710443877350855
48.64087670683452
50.9616733839673
54.55366740917106
51.435697308272886
52.97196023563307
50.13995684414601
54.68048201086748
57.82069487676209
61.1164991072624
63.632988721745875
65.93801330050573
67.92588708577651
69.74412194638637
70.56950940172511
71.20916023433168
71.62163794170621
72.75808130114102
74.90955342789208
73.68537342503416
73.41015893499684
73.65271974930413
73.92210182524319
74.49055239701406
74.84708720091575
74.69624706857806
74.82404752247744
73.85366018538194
72.66558215980507
71.5226972232277
69.76932049649122
68.77496126451634
68.35718330680906
68.68028817902868
68.65099781271299
70.27791363274096
71.28487997800565
71.48892350373461
71.36533381298227
70.53803100385588
70.01463814839788
70.09655177576813
69.9286438000328
69.97749719755295
71.69817133857808
72.78403551010406
73.48712128178326
74.28580065239015
74.27353528128052
74.43764718728902
74.24094849447708
73.77125286463965
71.29415374087434
70.6299245211767
69.54689140034202
68.38217029839353
67.8097106962641
67.12751822150211
67.24049730875524
67.92077064141147
67.81823352384244
67.57829016863175
70.73368273682448
67.11101158111808
67.08925120935305
66.93441290534993
71.95047895414127
65.09137378559397
65.67988235554833
68.3874605237154
70.4676482457362
70.10473251774195
69.52526093319443
68.25818749567216
65.83894096231292
63.57689847662638
61.78220170750867
64.84282163445683
66.47289737040457
67.768310144467
69.78632849831868
67.3519768998783
60.26171992701782
60.22767902952245
55.5076891438491
52.694595075040525
53.53599502860353
43.81853592294922
34.80422330472631
25.542907004587956
19.359479612239944
8.674127429902413
4.7693544347486085
2.0777810202588443
0.6387658741000201
0.7069510638767037
0.8253435860704426
1.684457914027765
2.05443602046444
2.9026458435576554
4.0909472556980315
5.744949634749975
8.975869796286684
18.2770484096995
22.33809811631243
34.69173569018615
40.058844146119675
40.08535195308234
39.9768627186527
40.91553732663904
33.9681275394061
32.2609524389762
25.023089358487333
18.06342849778059
9.145222524900166
3.585277898841415
0.8334691246671981
0.22546430175971646
0.15727028948216024
0.3896233164964726
0.9170207444610758
1.4367483252905224
3.089422252410643
4.4339612861731155
5.995968480942027
9.498058748349147
10.637565965179784
2.6276001783191667
10.224038486226004
9.96785832113453
8.966451879047282
6.83941759701214
4.337545206702695
2.817483583945258
1.0113843729519265
0.3965420565694513
0.2742815511092631
0.8332246002329462
1.621009707675238
2.9292779969542533
4.191371588305898
5.161126831240115
7.006542762182198
7.876072244021808
8.310347796208621
7.649610949548105
7.046028186212411
5.947464036628145
5.6066475655615475
5.550840420853531
5.274370880450035
5.574036521682735
6.369330749307376
7.223299889540527
8.42313228533304
10.717981863769918
11.36786162149934
13.271140594854948
14.857966044967995
15.314494661766826
17.368758717040983
19.111725718369208
18.177869109568462
18.210513153344788
18.003985768457916
17.95252485335473
17.112631169681507
17.329054228353584
16.56154379287753
14.388330353833005
12.977926688310589
13.327106364033511
13.41679571137304
12.957217563301564
12.051297667241965
11.346021774172945
9.474331161240528
10.273933138035192
6.050443320755912
5.86200366124538
5.802921965437229
6.310387121056824
6.262757684988074
6.296633058320397
6.485936140712917
8.635651964305575
11.898602570476088
15.873682959674433
21.890140698462943
32.666886406775184
42.10002730357152
58.221214445405366
67.18119293199281
70.85072272854084
73.59530913961876
73.38893495087056
73.37717099608555
74.4680328771863
74.7241790463883
75.08714936647893
77.21937042074329
74.81635653869117
73.55367483298188
71.40328138203205
69.55625879291408
70.88689236434925
66.6866364827519
64.31465123310862
65.43142618076062
69.1420967586902
66.6286847486812
68.80638041272155
70.61645021575205
71.52626838219756
71.61799756584438
70.53600950391368
68.80157008483154
54.91733463805728
41.401336678450605
39.74575326901737
35.59661161415696
32.52394633210253
33.78722291760132
27.818397465232398
29.08111104594876
27.89391290027428
23.182939640776176
20.172300502640688
18.630315548949607
17.43721383055355
13.286388729123496
8.80521975768092
6.505697602957568
0.5806197908819387
0.30135091863502
7.282568158325298
11.109936130595331
22.36949787618125
24.903841955563685
32.561647564713645
36.573927800907924
44.24104848018234
47.64238317523859
52.10312764705914
51.57819632554014
58.13866472240665
58.889647262462375
58.41606718632896
58.386386522201065
58.367442472872554
59.7258788914665
63.15043130245768
65.26938530505707
66.8379122755006
63.10261441124378
52.96951739794012
64.79191751957472
63.384638640143606
68.40527558666153
66.67760335343795
68.09944584256044
68.78815032233503
71.38432483539717
73.00226254409063
73.18911271450446
72.84313202679661
71.0206178124634
67.46241160727051
60.70739398761878
52.25317768954775
53.73196114701364
46.65771240943116
48.95405338626231
51.059960657881575
53.12808556227461
56.88450046678379
57.028546409836785
57.30469926589008
59.69825161832463
61.47630797208988
61.7450161604018
55.14245221732019
61.29589015789337
59.5936943452518
58.33029555407236
57.05815344672289
55.340491273288094
53.84274806485722
47.15521163241717
35.411657864630506
30.86258607843197
13.225015169411913
5.785122606770269
0.6832201273508521
4.5598253647179545
6.009740929155239
8.747426395108306
12.104510544929505
17.421811481825074
16.808150379036537
18.052940495206496
19.845246420660164
21.25761532445991
27.10801783491487
25.235219246110557
30.206095794519843
39.864364665482704
36.50061711293365
36.67145414182255
37.75153856044766
40.32514441407624
43.19826580363723
50.231272824809686
41.200197149321
36.47229153956818
31.66405074269033
26.15526031111677
28.43927061648445
28.391688870881048
31.896600564274078
35.28435710520486
43.23084078231792
47.81638020413306
51.563780019250096
52.36918869660373
54.14988824212086
57.79976427042501
58.5484685209758
59.73246623503394
59.859987990860375
57.56526622878042
55.520881747425186
54.184606945589344
46.24821801259209
43.16999722184319
34.699343459858255
26.957198415547527
20.01757122566731
15.00402234692785
10.568383556925603
7.927833164375946
6.43163104101151
6.081829727322046
7.459863921465106
7.263363187140217
13.24659323569764
20.329485903534607
27.94476884152555
40.46334997727995
61.03522439113478
70.01941173611114
73.4636678669047
75.40938995491669
76.12796900894364
76.18885731169833
76.67352823657976
78.43796430899977
78.73268758554572
78.35240290229525
68.01655257142546
66.98350324863559
62.48623952447778
52.72219288373774
40.466270647359636
22.567328693281443
20.6865725604784
9.436253575884418
2.130372685910113
1.0223932717780135
0.8950698646629865
1.6696566056867705
4.386804440246437
7.449346435734965
14.372378178994778
21.202452048758865
44.19579728456149
57.094800515209315
70.56429010453486
73.82590959244993
75.76550999735781
77.0036192582006
77.2309115962477
78.07127049717676
78.24373591799751
77.56451413397646
79.22736959794669
79.13215626157235
78.17878376022965
78.35278991817731
77.25816218447291
77.30187387982932
77.48717586633691
76.81930892360737
76.37907328331251
75.8540082739873
75.57087384976909
75.33920055669199
75.36454949471279
75.09748628242978
73.04800860638133
73.63186333468471
73.75803286793467
73.52061388729767
73.35354429519559
73.50092598481095
73.62057785677571
74.20032646480954
74.27318829209744
73.7806331555654
68.37529886584696
75.20621014573962
72.04043418562034
71.38336530674854
61.65959649151817
69.05647738686032
68.5738259151723
71.00976607330611
69.94275681537798
65.59035704192709
69.99137639585948
67.75383123438839
62.74922647578955
34.71979202498224
19.263283631134257
15.851339243943558
10.632967964866241
5.989196822557786
1.7695186956786642
9.448214436641631
9.365804770462818
9.39199570892967
9.438489694685337
9.176708627934554
9.370166165801773
8.562623107076105
7.631705706037651
7.441798099398282
8.361180144110453
9.107442524629711
11.29735856988262
13.032576078305276
13.62679277799926
15.088404981121096
16.639864007939412
20.24529165062989
26.025868567241183
30.409762540066826
33.99507569157999
38.40543029321994
39.82227361620452
34.46939649876975
32.79984840076337
