Выработка. Результирующий расчет
18.874640676695993
18.11712850509165
16.264234209409814
14.285971830672487
11.708111322800544
10.692180315118229
10.610743749693219
8.802053944748764
8.853621525318609
10.841785926903007
15.982320934400127
12.7193682924493
12.237380860530651
11.7490752079959
12.81799226271452
6.857020700537046
11.243900268213542
15.408716278914854
21.112546546115976
27.5984420075185
25.460597745806876
20.934301762523646
21.555026097050483
20.326835764519153
16.178808189172788
15.223785078164338
12.581446790747219
9.72928009082545
2.0713662413111775
1.2486934852821723
1.4312960713768395
2.8531075787052793
3.78184792871029
3.6861234161075394
4.413718639973845
5.42680315057354
8.051842386930291
11.486578409224338
14.84317107414578
22.212542777664055
29.539308137347415
39.05058223694228
44.95349926783287
47.80747122958325
49.94212177386225
51.898686879406206
50.88335214954485
51.88962306377141
58.89024930414408
56.972037481518214
57.20226883760895
58.841954817860234
52.56478220271305
50.959546854584914
49.476658748257634
50.90494669585811
46.633663980425894
42.2236586085624
40.1676887902464
37.31051321453887
37.37059849695695
36.48255522605214
33.640037325012464
29.18290324065177
30.988991597425592
30.217677327390252
25.480820609124326
21.170174306784013
18.132025040340753
18.815047165043215
11.291981508925888
6.456207828664285
3.227430900381804
1.0346836527708227
1.2767115689781334
1.2420018691992036
1.0435128454989886
0.5577286617304186
0.4347296057680715
0.42101032290429663
1.1497115754341367
1.2615213305097348
1.7107127348975375
2.109209723978734
3.7841792696597047
6.00698596361024
7.526894974996431
7.933264765349172
7.800233579417107
7.0664168540531636
6.908612956938124
6.496291980586644
6.911891054664889
6.675848333496542
6.001226820514328
4.966906191491965
4.529195619023703
3.4731460032564367
2.4628134169091793
0.4903747388453357
0.000162830429788733
1.4827635996050465e-05
0.08816796033741199
0.27157508957970133
0.7658987966081012
1.3125092574062753
1.664709670541304
2.591971153328356
3.0127787470483285
3.7707215950966675
5.741577727481005
8.65938463284665
9.850171677237345
10.24848201256257
11.201289013804514
11.87720391947466
12.890930576843177
18.48025280614391
15.624042033114113
15.280208016447746
17.73534938778614
21.379152800596792
25.717550206709504
33.51213191172788
39.69954206922511
45.211020467594736
47.20141002136093
48.02278048136652
44.74680171599505
51.52504803218487
53.73091633051264
57.41652154400212
56.74884645234169
50.841394423361095
43.09385417623235
40.38692694676685
30.61805796154643
28.253184912276158
27.755804592410357
31.824193513280488
33.00644085647613
33.89820510406715
38.847769170321214
36.11427047410295
33.47731164339103
31.905564001373257
37.35183590134079
28.633808721671294
33.04368726913091
32.32573604929831
32.626517052482185
32.88136153489547
33.40045800124757
33.73364415318822
33.41878923906623
31.89687062318642
37.23807528057892
40.4020556207151
41.80213804029104
41.102874911791446
40.815193635372424
33.230260833112034
27.781604394528387
26.156035749553908
20.7734649839805
18.307919314425888
15.64516591660138
5.5174439975405765
14.677130044102773
15.561755258743435
18.3465171970635
22.638891487336746
25.0814183062135
25.54034769695802
32.45182279933803
28.90395168969077
28.329600721739368
26.619273536607977
26.90320304090519
30.115511397572437
36.235002644937445
44.41927951266195
50.46798079277936
52.06083520518889
52.02796053987501
46.69124173207315
49.542991264523664
56.145017981481665
58.55487621592879
59.09893880814928
62.829675092180686
60.295425127554864
59.09730510035261
61.53270270243395
58.61662791757958
63.07359798495
65.17411684078348
67.08050652958444
69.19479224193866
70.32405305955554
71.80040043445072
72.18643807080602
73.03314123345262
73.5398618684055
74.78544002759905
75.78385896254694
76.7114433216099
75.90322141801586
74.5639776702879
70.8460365565345
76.01409734434614
73.40962467748645
73.47987824316242
73.34262945459578
71.73035414715295
73.13552606429653
68.97819963826223
69.44003407219911
73.94827728927103
69.68357198285521
70.87216016171207
71.91836166136801
72.49711184845887
72.71446774783016
72.7525865303128
72.46102072785902
71.95245941926976
71.58864454928042
71.0930814106542
67.9639603110813
62.59215642443816
53.736815899613255
45.105283189982465
40.49322006659978
39.64902598414313
42.19167778700354
48.25407189311396
53.02710455487433
64.09719566971856
66.4555923707553
67.7891835219113
68.66851609073986
67.6737198969204
67.1569834605283
66.96627803737178
66.98174220460764
67.3836550858583
66.6699057806865
67.1382462883079
67.52506316561106
68.17062091874061
69.95594452130275
71.22688063147334
70.41875836914248
69.690554462972
68.37909418070707
65.70331547434138
60.16264870883513
62.74524518242376
63.412065350602894
66.63834088474671
68.72376451903665
67.04214043469241
66.72405920442348
63.05599637834613
63.57153943774276
63.785608968608564
64.26198555487771
65.21011210756524
66.11739406017584
66.66289985393799
64.67087790285481
64.39315993324317
61.502243254092456
61.643126378316786
62.332592477257506
65.20158475551987
68.09960972447749
66.65820583325183
69.51247093057077
62.634108685538564
57.446558921617495
56.16741617886999
49.53059969275997
49.56689280753822
50.37912527329345
54.49814424292436
54.6194167005331
57.53452542750923
51.15767134247887
47.346171340761536
48.95319507967968
45.668316209689074
47.590154911327296
46.53702721162662
45.51355741412788
43.552367315733576
43.58023772474921
33.20987491353157
26.04821780481355
25.597960512771493
16.993191942111036
9.525615898654243
5.173414748833839
1.535572107886878
0.8129987111114962
0.7349034683008312
0.5268409782229153
0.6514643267162674
0.5791885681571165
0.2804170931680827
0.5675614343604453
1.646116518427446
2.123113921606127
1.961620285085304
1.7669178144348079
1.778608418270566
1.9942385554582154
1.8612496830818368
2.7200795657897068
2.932926107164543
2.6966376520195037
2.1123351308679643
1.2339611828971973
0.15969889628878398
0.0008207448413790584
0.36228031791365983
0.8749310727108152
1.2904587922172188
1.3579516328145291
1.374319446232409
1.2301774245754922
2.0073362015559013
3.176068813468569
6.49993613896456
8.85200366858369
12.139458560200898
15.729772731536166
20.84547930640674
28.572503349920904
34.506797065589765
37.83834817506831
43.23641793048273
43.41386603757387
49.449014122602755
45.99204392400127
18.157005461529955
7.06620470815806
6.745306138856625
7.545996663860853
10.354548208892966
12.480507150447366
21.228098367462753
20.607842510853693
25.982990384313066
32.22635393060353
37.00952934636284
41.874372221692376
51.11443984253342
55.98105143309241
57.97784607334983
64.74281159279455
66.97835167007413
69.10392226495482
72.69001022318906
74.44930699424359
76.34505198606578
77.11233793758177
77.56913829442169
78.002764240363
78.04832248009427
78.3991554789418
78.41461929557659
78.22242187896855
78.34203140598657
78.06019585578825
77.64179705575455
77.69572538574172
76.6961727723818
76.64960490274275
75.41283048598945
74.90870137823967
75.45789142172555
75.98822668613985
76.43854628147332
76.5263802934025
76.63753200975522
76.87809531662576
76.87276719999703
77.30277418065378
77.2949543709107
77.48768804477774
76.82907376023215
76.42586473896648
79.96930849968933
76.29370531286806
76.71984502451934
77.05276395563997
75.8873090392827
75.40353907740268
74.58881918784805
73.48586783932974
72.13939428007176
69.12693697227787
73.07458992505411
63.83627752502001
62.995698852386965
65.02108334004132
67.70596355376519
66.13151454977556
67.7917278026502
66.78618398007411
65.9753131221503
67.00647422499756
63.96851641187717
67.02492856555426
68.7250795983227
69.80628289155901
71.29879105112542
72.35358824174043
72.76346670569772
72.34646450853963
71.18283977880236
69.01475229322612
66.95896580419016
64.26645630782625
61.63791303697869
56.91107761292663
53.08530332593543
52.797884098711165
53.31695762572823
58.221996794617866
60.95543795724811
61.26432884717737
61.540824569330255
60.938340798488696
62.542664859990836
57.51509169603148
55.24516320045753
55.039369085187914
57.67467346512892
60.451900612437534
64.108650559949
59.76454965183588
48.39490322453669
48.98944634128273
46.15770309338654
43.10189207660719
38.85901328749989
31.668044188818804
24.361788224622174
17.927158088041615
19.116828709180428
18.559237090905107
30.725180740975567
33.785278959775006
32.35910911162092
30.89619077467639
32.03452749914121
28.267472757224024
42.701251755158545
49.23901807356367
44.244976926502936
43.15127768151981
39.138663588612765
34.82053994849732
28.3162548923963
21.912085272392403
13.563920993644228
8.380242583886252
3.5607831817247795
2.057804116125398
1.3727834713315308
0.0
0.0
0.0
0.12903270518979953
0.4649498693821785
1.4086577258888888
3.1724178043355025
4.633835218855525
6.172591682163319
7.575614510616932
10.986625309174123
13.171861102641552
15.756983647854717
18.550667411261248
20.699586610830227
19.1050245128265
14.961699816649718
10.93494442267915
8.413953703990803
6.250579594007005
4.661437115016468
3.505069845988945
2.6282770282957912
2.68953757731624
2.6230630109699526
3.7560330686169197
5.684139050256037
7.101407783278716
8.246326755959203
11.964513455591332
15.907476280921514
17.968730290258005
19.740249947715217
19.604941557945416
15.227077306678524
11.750241483387697
6.911299780902926
3.4994155667990627
1.705390681383263
0.35434882057292283
0.3051152719515501
0.5240685584908163
0.6879658904074231
1.0534726894929853
1.6023043619321717
3.1702936537588347
6.072381517469409
9.79896187095546
14.254465060125375
20.032893484417105
27.20000020499055
34.935161746318855
40.383741521034096
44.186349824077055
40.59880039362431
43.13650021398271
28.063584237183708
27.257892031890997
28.782336242658346
29.354272400718
25.567925503302998
30.790407167660735
27.33535999061587
27.2363895227061
30.40853600842544
26.724210202677305
26.207990888242893
27.009695335719112
22.751467167831787
24.531199447775847
26.358511678442134
28.721605986883358
32.315406330872776
34.097224472337864
36.739666962400975
36.1408185665561
35.30707312390662
32.7625820709018
29.32056500300137
26.036825134416432
18.132716958758863
12.303151878991253
5.445273754300762
3.4165039498497425
0.2808061712732927
0.00034956060162718726
0.8080859999965305
1.5330823218954472
2.2460466983013783
3.108548261928182
5.0155306155620885
7.498620323710952
10.168100259974473
11.909846445201635
12.284534222246858
13.227551847827774
14.800934927834337
19.707845860811695
23.525639931912682
29.972614257590372
30.401508971874033
32.33008234629078
31.677940458228562
19.11845129764436
12.778586803952976
8.865884341253812
5.422234834685348
4.276514575512403
5.697965351805634
6.319647866369969
7.324420751628867
9.324554110349855
11.407235713446072
12.059106850844108
12.522857567906527
13.0199545230554
14.664115715565734
16.81905722041476
19.39931122143235
25.107486093536867
30.872527178792314
37.88354311693222
41.606927438898595
43.19244661941028
44.530289439477436
51.42718268171586
56.52390956121125
61.583837065840484
63.77380811484692
66.67939130021621
66.72701875459957
67.39271687134737
69.4046650985515
73.17024436041959
75.53692812453875
75.73201543781241
76.21058673701731
77.2959784215626
77.8789484221262
78.3737565092976
78.34775729149145
78.2446731563539
77.97768728241564
77.24271400431225
76.82010633355671
76.84156977464626
72.57711541517227
70.61965050488735
68.41350850447007
65.25026681609667
62.29667895421815
57.246464765846824
55.45684282862102
51.58010446921889
42.99281128463337
36.84825458066278
29.60569523769706
23.85763140015689
17.820248297745977
13.020395454858647
11.35939616653473
10.943181168201843
12.865806934868445
16.390595348257996
16.794183785957166
20.371364768017667
25.17231333348674
27.375201922576704
27.69582605617405
26.696664786689073
29.431580753620477
29.681321941506585
30.19585877935154
38.135630236103644
39.15103383204071
36.288674542419436
29.768437922816805
39.56375633448543
39.193016870136425
46.2092820597401
50.26420744996738
44.2171643381715
40.66448479708587
38.14520114434535
31.043195252386166
28.637366509254473
20.93276614208344
18.03261114938615
16.029516588134495
17.364339227614995
21.791527841771224
34.8430561364259
37.94349565344164
47.79593590646922
60.75384142773257
66.28815030297389
69.99901622343842
73.56284343630168
76.21498856745451
75.92484756547677
76.21848566906179
67.9831890076096
72.25389035351753
60.36781743077181
48.82479136483314
35.29143537082958
25.86947376084149
17.047818830412787
10.456984145429894
5.353320052999579
2.647122966296661
2.773492122963871
1.808821199111953
2.1285006031813336
2.909167209076699
4.525401692850079
6.810424911766419
9.584191690221287
13.868749243186315
16.785702189613996
19.95023206219497
26.47919502532418
28.365893902852353
44.54602221769137
42.709646985781035
35.54163035791223
29.206314308666123
23.442808834550878
15.143179527918575
8.70791708188428
4.825203700897122
2.0050354300646926
0.12009071116704266
0.001280088424643394
0.00020007451432138543
0.859079802031119
4.267488872960523
8.88091342909432
12.154531922277915
17.509644281039705
24.163990470092088
26.305960141879808
30.20705922921319
33.885310070599864
37.37126432108779
38.90390812992366
41.650931662721476
43.733530668103036
45.556738670517795
47.764925576453564
49.154982009035116
50.42969578215615
51.29868639082368
53.03514522615237
54.1419668479352
58.68229125525018
57.84699584541228
58.13746221849284
58.13199054664697
58.753196433929745
59.20106602858813
61.87396256472493
60.436910993877056
61.69063139648586
61.53663590534881
64.73796021274426
64.56988735822223
64.73594504291309
62.97365616273858
64.2325068405048
64.38626630256377
64.94027339139637
67.46486104320509
68.20539411702867
67.45817847802489
67.34075268846026
65.43426793931214
62.897064463710294
61.59402412896834
60.361574104019816
59.180834271185184
57.40234963971868
56.401852115287404
55.49669417241479
58.00606540001876
58.21492887898747
60.709381132351936
61.801525822656544
62.3511894397572
61.53396351082286
59.89205378869405
57.671157434837916
56.08111509869517
47.70963490733518
26.572510473384334
16.89678958306314
15.5234556262838
15.649199343163563
16.32940080993363
16.364153807394892
15.987678350359507
17.15767487794514
20.97576801687477
24.4560761518826
29.006976964666293
33.189307229424955
36.83562192047427
40.716316700414595
47.41378749790377
53.59266358809028
54.76155840334644
53.006524266037204
57.27683452787137
62.899505704616985
60.53457427798313
45.241300991969105
34.50671352121457
19.884329265609797
5.964140794211281
6.48017677896078
6.521910103797972
5.493684699061542
5.1440046676449755
5.44598034609411
8.451196033154822
8.345675589909145
11.506103652490891
12.781898234972406
17.223432836381374
24.63209760374003
35.854144590998764
45.971100625434026
51.4377424503467
53.18371929374223
52.80999149698977
48.195551783834944
38.60989312957487
25.403303595716192
22.810570023524612
13.758876031457373
8.000325594113765
5.578019838748701
4.244584477803696
7.311557566703574
10.437568671553723
10.569781208954323
10.123533214638265
8.219896587118123
8.732226644949321
4.547456958424202
3.8314750428758453
2.8469072106336855
2.416591231375229
1.3419761974729412
1.3805756496031127
1.637986960303792
1.7301939397075785
1.6235735414179433
1.5049167307044715
1.0919063691842248
0.9635411392100836
0.035878010808061064
0.0010322224720379508
0.002010109085227117
0.001894677358548496
0.000388067111452523
0.0008544651231452171
1.6801015856596322
0.11244229602820992
0.6960130621515971
2.233635197264183
3.4729129442750155
4.713077830696432
7.17141983648022
10.974652556891211
15.168541687989494
20.960866951010306
27.817078735339603
32.50928785994956
33.95962037316833
39.108916461830816
41.905078620387734
46.19506438424253
56.401465915291034
61.84838209261219
67.42742903134993
76.12173118407246
70.95705787431285
71.94068432185044
73.73041430866527
73.94533190166047
73.82740562769214
73.06719038685368
72.81105108188518
72.2222490272165
71.17106886681603
70.61467229676946
70.48007125892455
70.37358884120444
70.40406876750846
70.54922176948708
70.50870768583255
70.24651542428545
70.05675224852993
69.80765914365794
69.07685742396235
66.52654390975971
66.40251398095032
63.234807895591736
59.63135512536647
56.69504120193866
54.32644349601326
50.90258814257045
52.76953210156964
48.174767960235855
44.15630785271687
37.244980179635746
35.40449977379948
37.31916111112805
41.977782945724435
50.7553398874478
54.734592396724366
52.84904944540484
55.86688420733059
59.691328551330194
56.92578070365978
49.158166407432766
43.96254140913248
38.611386644337124
42.858546765688665
39.62859697599292
51.56984975132803
49.00443157959638
43.919575477770536
34.028401981983016
12.800310721520766
8.189337047751168
5.060203619983582
1.6569272034339388
0.4622068093028561
2.4746793641501124
2.7764282585955558
1.1168804308026885
0.9738465735839443
1.1305533484137247
1.153215475993648
1.6615069623136276
1.7541683651146938
4.253355095829332
11.842610766480087
19.467189862419865
35.196866694966126
47.52278094252984
56.235420654389706
63.54657824959024
70.34517435940187
73.5563564172667
74.58161256778405
75.22889328667213
75.1520733623587
74.54255172271188
74.09825441431302
73.6649371114632
73.84231221380873
76.59735969407177
74.37981696369955
72.74848513232672
69.15737445230893
67.73513839873961
64.52229531147101
63.32348653240123
54.10534327280328
61.37090764365096
62.752798965199496
57.520932082840226
60.66052876673241
64.98627021039174
68.86300555745034
70.96187607053002
73.35557462523798
73.78965173894736
73.14817043833864
74.62592727326823
74.92449882090779
74.4206916061912
73.89284639898959
72.44708398006102
70.14061829983132
68.56009928537932
68.6757512006122
65.84502752695484
64.43917359635675
61.135476635468045
61.57075588835795
59.782358907804635
58.49086814828237
63.1880174482702
60.32433386188549
62.13843467285427
63.19623515416864
65.77914706364012
66.58496192835095
65.15081756369369
65.235678837441
62.20848803254733
58.536387262055015
51.06841696859479
51.31209411533763
42.80570116814108
38.27238097565427
30.275374183606374
27.258949592743672
21.045385907215067
16.038115481730287
16.746062346395103
10.265511113055219
7.958677401486663
6.242595323116248
4.840890108079084
4.083958784401565
2.7444522418003943
2.0444222492699304
1.9088441415683595
2.5057823309508382
3.5755219817463297
5.252051380585828
10.398907584349034
16.183972942773778
23.53322026575077
31.057724724910873
37.5268044172873
48.376867235622825
58.79530943069348
65.19378987901125
71.07735810576847
73.34568068719241
73.21889486330583
73.52191727402811
73.77610833450052
74.55520621761767
75.45909463443542
75.86824305883897
76.07438635354997
75.90953171372973
73.38596328892794
75.79850277996819
73.30729127760281
74.17154913327583
74.68011424695169
74.78073567801525
74.78908341986308
73.18756115155594
73.67052281745909
62.83199760678636
49.24158254517641
35.616293742749114
17.270026266010383
7.593454205697349
1.7319798295424145
0.4670295745806836
0.37575134825865214
0.4671838538391679
11.059059076251792
13.257902987256696
15.850173135822933
18.895495575664853
25.13304012880489
32.437748982350904
33.464546231367436
37.10605735522921
39.07912625993879
41.24858081873007
48.74578389983266
50.35114777707298
46.97870515020503
58.26927187000475
59.33860505928128
59.528283051145564
57.64074545762156
57.59425130335028
60.26491360535494
61.774503242844574
66.50419821599003
64.62363945160806
53.92025190202349
58.410205473645185
61.69928916918553
58.045297173229976
64.64565534315793
67.03952517188188
70.78701560193592
73.91798492902076
70.72834724761296
71.71371674542046
74.98851869905795
68.091785466273
65.72481332456472
60.291269306337924
59.32152568641737
59.4691493625958
60.931852711065794
62.09081087191474
60.410588828779424
59.99485402326655
54.31967498550256
48.3657912887439
47.66594469361936
43.11525727180327
48.96400308046499
54.0481641045423
60.84070050932677
65.5812606372207
67.41649555799792
69.86667865215612
71.42555524223471
73.51875193175661
71.71121335724469
71.3765109855739
69.70485875204501
68.70630390997017
70.54304188832171
67.2562000068932
66.6752254980755
66.31491441740611
65.76981744636142
65.07390490204791
65.63735374781572
68.75297485198054
65.19474877158933
56.879632924209076
37.584924810423416
35.50541444399809
35.47908368410631
38.953798351413774
41.73071230851801
39.624147472170954
42.355642886852124
33.741527809598686
26.318029142748923
23.575154747053105
20.978111156928193
17.90635068384489
13.928165929708838
15.896298685320643
14.467631447043049
14.508568794868369
15.065917576373378
15.438358130154173
15.616958678605542
16.4619488085985
19.149987453379183
23.348983611618177
18.38317077309933
15.82400027625361
14.276892360829615
15.593591706371424
18.456045455632285
21.22502957885076
23.66695676405281
33.91892519081741
39.2112491371564
45.86375081061888
53.811483905138104
50.18569440455518
50.34828490268175
51.35954289692989
51.16856643124649
44.93780784569855
33.62673149050147
29.429494881668294
13.016202400033022
12.13327686841318
8.62929607570438
4.612077043043689
2.3869363578994034
0.05866211727302564
0.0014650338584814625
7.91531350971823e-05
5.361949330828437e-05
0.0
0.0
0.0009558217698305416
2.643353297260402
0.004577231804084038
0.6046325768233436
0.0002706621943948153
0.00021641222743207336
7.148869962918945e-05
0.45168186643151337
0.0
2.0105437640987556
2.3563528803442577
3.9539673400131883
5.563250302417031
8.619020730064259
12.266220142936787
16.611173643145722
24.231084174589558
30.797755591608436
36.9422109469804
44.244309289014105
50.380858756983514
46.060008388889145
49.96316043152968
43.79640016196177
46.11948338002439
43.371297205517905
35.64683252923009
42.23296937330347
39.67018938304411
48.320241548721334
49.33116868669208
48.13812814188977
44.00022813915931
40.95666797671346
35.53981195322945
33.730586502767956
34.14055439901303
34.37520314984504
39.78491190116843
40.376810643840486
40.11430486112204
42.381367998502114
45.77213261665972
49.25869033486237
51.97529236719819
53.423503223991304
51.62014204452718
45.431836371249574
35.77856344708416
25.005661753055502
14.64574006871858
6.70839059789179
0.00808260177914135
3.426398643508461
3.8719211909988656
4.364243879929974
5.162206825431442
7.062182386302328
9.691563723643409
14.77307753153891
18.73859913756737
23.75113158271415
29.664240283868608
27.851211329103393
31.83503794902186
28.40552947098749
30.588864943573817
25.836171132676586
20.471463431835367
18.71142490414993
17.323462351414086
23.502211406568183
26.78599560353109
33.37792187952439
36.0609797057071
41.62092242313166
51.43619457030322
55.19839007463494
59.18114085458352
61.984682881549425
65.09658222456412
66.95604825811364
67.72657914438614
72.4974909634856
71.34761934829298
70.39520598275959
69.50248682927733
69.68470985866608
70.19245507138282
70.4791323483886
70.59284133083054
70.51494220866707
70.41163040306205
70.62604298234368
71.02835235412726
71.41744678042996
71.6713085759445
72.09522182902438
72.09988383502093
72.37024156866518
73.9267083855927
72.18078834842066
72.10101613733629
71.23386204266751
71.99091983170074
72.02405769458856
70.98000941087594
71.31153362903586
68.96278338363952
68.13959492148697
69.74865325564545
69.66920374057159
69.6010543091678
70.77201446342119
68.75445150458954
67.16982705098836
62.84879993766693
57.96106319387877
57.891608371066766
50.96267256298115
49.846964221849134
42.65306029690613
51.33119196478876
52.258892239319536
53.122062614437745
53.29397928187843
53.027581784683306
52.20840941585914
51.033034263071535
50.14949686677228
47.82879122364137
43.77509776287094
42.167911699070686
38.15902444882274
35.22134899953402
30.266148804262958
22.098365245990873
18.485298304046182
13.91170812542298
9.75928933671546
6.033195748860199
3.2946188732215185
0.668178712703112
0.002579813061787826
2.3471220665129757
3.033928868556955
2.678239050720858
2.51189401734971
2.704713168554631
2.730380250296342
3.517965535428628
3.068453424162379
2.944349832989119
2.6180762365252437
2.3279844921704105
2.64798139064845
2.488827450510543
2.514568220798146
2.8995050140307463
3.5789126509218048
4.260194964971647
5.63124195049786
6.565963931031993
6.620986245480776
9.44548930111577
9.687521369172124
11.387469599948826
12.834671068796828
15.807815881384425
26.035545917885905
33.06369297025522
43.12765431300991
43.81346378141329
47.40940864241087
52.881999485118506
54.01569386106517
56.47515213170015
57.348262812530464
60.58462607513663
60.70094163671833
61.71006016954209
65.66847473428076
67.19885029450847
67.57465303622637
67.79855050975074
69.94508828179427
69.54813825831998
68.47670018414793
66.72971115684398
64.79912393121214
62.919921544248574
61.59671301718374
58.09649674679975
57.47634374651858
54.055726519412794
47.82312591192833
50.12640796542445
43.165707769258404
39.6131300317784
31.82693947320737
23.98105772913557
19.711695104534037
11.635227004291007
8.703905094384389
6.644737796040308
5.550658467810548
5.85214755101133
6.475507970210995
7.734203138775078
6.945832676536171
7.234418433810192
8.387241443907103
10.22880390631297
10.981468551539741
11.699270955815535
11.995090926711546
12.617058603109484
13.523815850751031
13.786420363741103
13.519433267742897
13.98484468118652
12.721509852597743
13.921105069423808
17.82288031228507
22.443518114636095
31.4690871565902
36.182367991225355
42.65058697028111
58.96282390976369
61.76470361949867
63.31046965040792
67.7195177627339
70.43858576185262
71.90987997100555
71.86905694116972
71.60665098609756
70.07453204937005
61.89206306591623
69.19050300204295
71.73843424836956
65.66306391125859
64.24473782659774
61.9058075297659
59.99734325288205
60.071066074430746
61.91597186716546
64.28677698412885
65.4203283190523
67.31760407250528
64.29504005486835
62.000295014665454
60.58812292395992
60.106750713053465
51.59423701312879
57.95631868519832
58.45138508947162
63.28152254252678
51.14338627679112
51.524777244154315
44.52182401068082
58.57067636523261
51.35402464527729
58.224954637274024
56.64933995948618
57.37090562432601
55.081675304626394
59.19223682533594
54.77819231875317
51.46317550273861
57.72648312142742
58.20979889167908
58.88422426873422
59.28098798815102
61.31519866151304
62.980956196869194
63.00416598323452
66.38314825314285
68.05460480253717
67.14993737224454
66.05762216819245
66.79890315962611
58.24930742403185
48.23414376762032
33.94149131539532
21.231614620314176
15.270905462924851
14.622248963192359
12.20204320121155
13.656336981926863
13.634528325492468
14.942983417087126
18.505079176622637
18.247808255027632
29.10320441757998
38.155792227919896
34.808668136916836
33.816372949406215
36.5081517009973
47.70329901197986
53.80393103416283
55.731660472145556
56.60557349898064
55.90470302783072
55.9150865915477
55.42763663051254
53.837703624947856
51.36186529394939
43.107845071857234
40.44829310163803
37.622438867658026
39.21275309262246
40.85424809187764
41.349909797190975
41.21083178181438
42.910883313216246
48.70100656858139
45.76315557921941
37.63840154500593
47.62139839152721
46.238715085187316
45.666453306198186
49.19743052323541
37.680313044285384
44.72764251300951
51.17029095414144
54.48471770008214
59.85044859691021
61.081855107929115
63.05383791242256
67.18217944466193
69.69201305193278
70.11094359682183
62.6045318541125
70.22859145160209
69.93346315261925
70.5009310786763
74.49411436737523
75.5336642655139
76.34393429507752
76.26117155633194
76.95773085090559
76.75454818333716
77.03096438468229
77.24245621414971
77.09756335344406
76.81372051258583
76.5408875874268
76.34130794924684
76.466437451349
76.6238106637381
76.74622342546165
77.08554921611204
76.6721135142614
75.32330422462425
73.06837011967963
70.43370922746205
66.8704207641789
65.87095120312682
63.898624482983465
62.816666704021856
60.590987814879064
59.31809567994628
57.78580643958635
50.44326889656984
55.33053782157832
50.72152587621568
51.58213664299242
47.13638607754091
42.88937289390199
36.168298853087244
33.87097139190665
30.059774369084252
28.01069955765394
25.74339940507316
20.687405694577805
14.484312389024105
21.358234224049024
18.433193926572947
15.095265879134152
12.590121198175101
9.782866003140088
7.514347559008532
7.238436783947816
7.485030253043473
7.220290950494877
9.387058134757552
10.50946729874649
12.562101503203833
15.780552868137342
18.811379065497732
25.20975490944957
16.309819565434314
26.204185155272608
26.26344116110799
27.458797412533766
29.163124313756608
32.67591019464678
36.10276293159031
38.766413883485995
43.87438338883119
47.60836603582033
49.14726820593874
50.02678518535183
50.753583201402925
49.27339955636022
49.99337069963607
50.17422791160686
50.76405952473731
51.163891023723906
52.5023885393346
52.45592156241151
54.657769086126464
55.317933607198704
55.92317827849255
57.627623152687086
58.12203513238283
56.844208174642446
56.8187216815905
57.155391186675544
57.80524189092646
59.22894773638421
59.892199700896406
63.32326141503675
60.00526610349427
60.09813970393511
59.97497476590505
61.268586053719694
60.060154909432896
56.398672886663874
56.323862791145785
56.904257234103184
57.539870313467624
59.64187432633881
61.242688647314196
61.539996547712654
62.07234477108407
64.70335545353669
66.98181627428141
69.03071384170853
69.75120223037321
69.95374609256783
69.20457726240784
66.23253064876275
64.37115225247051
62.66970645480167
57.74096116616355
53.50829444553361
51.81188573322869
49.56762689035515
44.7385483308466
40.184147833031034
32.16553061008444
27.266490925043072
21.749958084498523
16.927425816838404
13.63223089802305
11.86557552025541
11.661655592225404
12.874352341124148
12.32133473430226
9.843219513366705
5.729180983886298
3.2539528380461578
1.0877699655560125
1.724299279334611
2.9986260288152273
7.822267995065832
7.331548460484266
19.39886908412122
35.62404712268738
36.64689093624406
46.54370988361755
51.79148534034627
54.84078771842589
57.16982192517348
56.742523140512404
55.09325257697788
50.73010573164565
43.59860307143062
32.839259901599696
27.233838235403987
22.077474771187767
17.06434021906568
15.238666207774163
14.258940910594458
13.03424608708327
9.395830390706614
7.90025111974831
6.123000711334925
5.602905267939447
4.343727688093296
3.8139726870904003
3.3776599902708755
4.123022416757685
5.177488466522062
6.951428396078593
8.03935105910031
8.445362762475304
8.267953960690566
7.146161555758944
6.068572926295979
5.360656431612016
3.967497937778278
3.796430985977861
3.1423816951603327
2.1786396052677097
0.36300399665710054
0.21432849552970093
0.0019048453296220448
0.156046724629666
1.9426411112047552
3.3263398730161398
6.816831153804074
10.158331518580077
14.463449493595999
19.360018012626437
24.242766288430413
29.46798669557836
34.65178907555852
40.28589896853514
45.73132824174898
48.65435905921958
50.82550494639691
54.521343542195645
51.37251185639688
53.022975398378335
50.67206112306072
55.929461326643235
59.03585633076703
62.50127152597555
65.04506239949998
67.00013597903579
68.19298833298762
68.90935573133973
69.77220212491213
70.51583785857486
71.56761939517361
72.70531073657375
75.1541179169594
73.89669689764204
73.59283288442155
73.97120214483444
74.29959497564606
74.6857789867662
75.05676152410275
75.070629588273
74.80592695038818
73.94051350290843
72.68256709479057
71.26632402744211
69.71983520930773
69.18942751144468
68.96518722558281
69.56556999224723
69.93692888086522
71.47941345678625
71.94533135734211
71.78590316093236
71.554390305353
70.83263639831463
70.30061001315183
70.24724023416302
70.19987310844937
70.26110811294966
71.93469175455206
73.25799461349897
74.11769000558009
74.74172073277931
74.71831326941515
74.79748398551114
74.47922573812883
73.52264074101684
70.99131395070708
70.38683252365416
69.88991368855999
69.23689348311396
68.68274567977821
67.99568846009166
67.83012597304156
68.64970543984958
68.76542193158099
68.48456164269999
71.55148853390993
67.5472077237031
67.54634788999635
67.62262428484568
73.0667714916264
65.74985387156026
65.9527084906855
67.86357004606904
70.28766406375168
70.55476590172383
70.2525126029965
68.96457317029079
66.2333440721976
63.649251857336765
61.97817392749519
65.30770068140109
67.33910057031748
68.55772075207626
69.89214327397394
67.40369150661652
60.29615377097913
60.12735263362487
56.00169859604657
53.34536671531809
53.75149905090713
43.782193947503565
34.22751525174997
24.856090841605845
18.770938071003794
7.847737278369907
3.8540535272728347
1.5216372923121586
0.663669408259554
0.6826598549093932
0.8631870586043856
1.760640117359496
2.1259566824323044
3.0112563400458954
4.064281815458419
5.727823533228401
9.175227330277584
18.91404528771268
23.463739734914128
36.21648124869466
41.28834721135575
40.43358358331689
39.65974473589128
40.510155915930014
34.13860787637667
32.46024207475649
24.48064803854117
16.944206755226247
8.29550689599133
3.3669726369271733
0.6359014551712742
0.19163940159467063
0.16486409502912525
0.40644997806457706
0.9568888470004272
1.5017133529177766
3.222212355920097
4.619535625052781
6.2549519856628475
9.936089120297732
11.19207401916994
2.6737430248776826
10.197961064620843
9.756254603973035
9.01152104669117
6.894108314734932
4.0227921660351695
2.299268849150068
0.5062506438129845
0.23318404032891538
0.2864137859943565
0.8679073124942637
1.6890196844626983
3.0523092472492195
4.359661539674605
5.342320421195551
7.201519277016883
8.031250840684155
8.389102729261774
7.633279803945973
6.8112093074391895
5.690582114461748
5.481797974665013
5.543618421017611
5.354892427451873
5.6529840870527295
6.453069200284391
7.3387637629206575
8.600557348311225
10.831387231487401
11.399991199954602
13.340610852628425
14.786622407608892
15.399577926018901
17.54312958272447
19.15923375162336
18.213343761977477
18.009622140003895
17.87909519462608
18.01097284088726
17.314849217523747
17.497744947241358
16.713599455182365
14.555146159554637
12.997817099373426
13.299068887693531
13.583724095164708
13.08960725704328
12.093727044037328
11.40016782622002
9.498066540130605
10.346510043938167
5.930697322452839
5.837655435827445
5.871426322251843
6.4617464132641
6.3947031158026295
6.4362803288729316
6.679104710108223
8.956223831761962
12.393724484846913
16.49238089985245
22.711756720990465
33.6004621058082
43.724940797441484
59.99041762146017
68.89577874573074
71.9166689327878
73.98455410731391
73.61156877997786
73.05990121808557
73.83049629316483
74.17430362850226
74.50388719355516
76.6865777724208
74.18623518125972
72.90289829012366
70.2240158382543
68.59599820360008
70.03369865066841
66.74965766351174
64.03447385544351
64.46649971647788
68.59439504569622
66.82175644606156
68.4822670132532
69.92611970102966
71.06964095732465
71.19835789109429
70.0293345514751
68.0836578304751
53.36844106424924
38.69665865423134
38.01055791635378
34.79906127217117
33.10854635456399
33.19642540981841
27.691790207493547
29.26180147002556
28.242233027713553
23.670115222397996
20.303901785031627
18.145818348973823
17.03759835693548
13.149380112813313
8.415074243306261
6.072336450149787
0.015847498532295144
0.012281063259485891
7.6056431154206825
11.718803943819921
23.59862357648039
26.130425673813107
33.71860659541513
37.4434596615923
45.25508930488495
48.45183688936845
53.31465068007537
52.57495126769143
59.04458713106177
59.922559611642555
59.33777000475951
59.40044625075221
59.49031402153148
60.67806439752955
64.43707868548583
66.69813680650005
67.7424026556904
63.09137443297367
52.934377225113934
64.50094399710815
63.76711406847674
67.84539120258454
66.55639176053606
67.98499458082277
68.21213597289727
70.64439505670286
72.59687486365061
72.94172498835157
72.13041928709886
70.23542520394398
66.5200746145033
59.440629499989676
50.71525509378222
52.02149235364035
45.57401167069851
48.28643302723371
51.00131521093173
52.95358630527973
55.98085805598947
56.18394024487613
57.05056944957768
59.12658564328573
60.61571155188283
61.16127152446085
54.094050888423176
60.114375151989684
58.58533242297859
57.45992674124717
56.6840134131956
55.435372615362375
53.80894767643783
46.778405725590616
34.88856806574117
29.76507453117439
11.890925804380647
4.821829150679559
0.025109892055767878
4.45333429036214
6.219920753822186
9.08644081765171
12.60410056864086
17.718455018650534
16.348260189431
17.326705799571233
19.066961293916936
20.763541222966282
26.951586286423023
25.324861280837922
30.47866564433852
40.29385475043475
36.71324623814805
36.79290829079893
37.66059387849098
40.50635176079014
43.85968992297877
51.04863876273908
41.63230422766821
36.21130705281123
31.167723108923916
25.71731509876337
28.33127372692589
28.55786688918421
32.508286129904185
36.22967322399367
44.36190843137637
48.8294418825732
52.01177439886547
52.75918120279128
54.65162496788029
58.52545410548508
59.442693168080254
60.71198940810264
60.36666299727764
58.11824723434055
56.07093753997426
54.42706724984852
46.3975265138879
43.31937370048004
34.57177870590205
26.683234181975074
19.433748396864083
14.467743993646174
10.211440502499224
7.8471759088505815
6.534235703873891
6.29648647986006
7.770233411663447
7.484505471752552
13.571345104314009
21.002039587151113
28.907776779576317
41.71709530922624
62.94302835620969
71.96752252338807
75.05192023663513
75.76181674700351
75.55134344163172
75.61392870807077
76.11831460299364
77.9624628319809
78.27913160711299
77.79244520602529
67.00842560587722
65.98661845123398
61.054751867245244
51.286682366399745
38.63286976305257
20.78120291746153
18.875743108691836
8.208159583359793
1.7716446417592133
0.7282309137613672
0.9186176134759395
1.7391258893674286
4.565550340944895
7.813598971541681
14.961790859105289
21.82007590529679
45.88184756638074
59.63642100377076
72.97256566884774
74.9917104123872
75.46520356258105
76.4624552262991
76.69905237558048
77.57485870635432
77.75867864772813
77.05635797566856
78.76799279722553
78.66706406717665
77.63310762583957
77.84446871624209
76.72332006131366
76.76917543271209
76.96176049389354
76.2680443921036
75.78949195835601
75.23402549347982
74.95628480259796
74.72020650941111
74.75458701489121
74.47638896191758
72.34330694489518
72.9460141086457
73.07820987103437
72.83818867188049
72.67564668634967
72.81064801519958
72.94768181147315
73.70851996719563
73.78045762887068
73.10845924070648
67.5297575026641
74.5647699833173
71.28033656376138
70.61798154038307
60.572678896264996
68.34299240229583
68.06462522787399
71.01165449812733
70.07406162312702
65.74480696149483
69.54744636597027
66.82897900100774
61.54859995704567
32.66477661777323
16.526432923274488
13.663496857510214
10.271153802625465
6.191564871470474
1.7468532634192195
9.466482707856079
9.568650035234182
9.633077642872228
9.73396991153195
9.505078072175033
9.644691680578044
8.706842046684784
7.498217715799095
7.323199069722714
8.328405042560533
9.272743491568322
11.480449567787792
13.346616715466025
13.762526241974365
15.150225529937616
16.75972404190234
20.49952635846202
26.46581711766971
31.255052358018485
34.78452267806924
39.4140669320704
40.543892587687104
34.77320565496076
32.90710507116892
