Выработка. Результирующий расчет
18.875827941851476
18.049910579465855
16.10808547722509
14.132255764829688
11.494110252288888
10.377784717499727
10.256752176352569
8.724092963916103
8.795107158114646
10.633956928775168
15.185516311652187
12.408585598102752
12.053326400053079
11.519893502540313
12.63922828192544
6.838278403129496
11.221610551784226
15.41696082474237
21.11903943679331
27.586825918016316
25.448870407020163
20.91420456135492
21.539350032538817
20.34143379606381
16.11112335970269
15.163684930999151
12.625464697697778
9.72150658468233
2.0740371080760984
1.249090412447556
1.4317674825416797
2.851198156876968
3.7775227138335827
3.6973639570235415
4.420846711099907
5.433245377000351
8.01888225346468
11.382302159487619
14.826318313457906
22.39087127431708
29.67490507231471
39.02968869646297
44.78441174173391
47.671787939766205
49.88657431245237
51.92032797482105
50.94111391481456
51.98987601403915
58.71066719014253
56.83298208035315
57.08980762909358
58.33755608762709
52.35914252021814
50.05428509099289
48.735175644003455
49.972972924213835
45.31208585452778
42.342414529359424
40.87848801030248
37.16576721809022
37.158365300079375
36.02905377314892
33.03622732494505
29.585493596051574
30.866568633461892
30.141264547876574
25.479193687142132
21.14079318005581
18.126560436548246
18.860637175193123
11.287365493829995
6.431302347912077
3.2062985913535607
1.034795120659957
1.2748836580392742
1.2415177011552403
1.0462565106706112
0.5583161735188042
0.4359489348448131
0.4216129157252211
1.150191729651191
1.2620063549721283
1.7106742534270323
2.1095707547646954
3.7812663810862204
6.003292443571681
7.49812858856727
7.934585504756171
7.785998704011123
7.046072294577063
6.891038570693754
6.518934499448997
6.883918798654872
6.70313743570755
6.005274917130054
4.998084645179742
4.543612513024198
3.4734197030015297
2.4687317640571558
0.4903574325984383
0.0018959310275063139
0.0011355523000091817
0.0885553419622189
0.27173262061108955
0.7660721058346684
1.3123970847084474
1.6647119270058763
2.59644414137234
3.0183729039328875
3.78150234241464
5.763999003875188
8.703833003018646
9.929094872809827
10.170321709338143
11.071000686449205
11.820786580538819
13.066211316526996
18.828438127904803
16.38931483925812
15.411248237239606
17.519025505670964
20.97333496488883
25.357458147896924
33.3430882905494
39.572479074508834
44.96623292151323
46.90765301606098
47.883350166122
44.72634257256438
51.557977192872286
53.78795203554936
57.48666180882366
56.42384102265239
50.63867601254016
43.047950870621854
39.98871540467435
30.424390080393145
27.94838942541092
27.75341077182595
32.278785744602416
33.18025731408909
34.2835814523189
38.580129218833434
36.1754117237565
33.863631591720235
32.121626595799725
36.37567712901737
29.115492947708784
33.157438002169506
32.40856009542141
32.62813290157632
32.842518290704234
33.392293465089665
33.7306809182147
33.41931586520087
31.89712124133327
37.204198213290056
40.31513645484081
41.51030280789225
40.59772362440861
40.00058733602076
32.7702360017432
27.661150006193083
26.260106007166538
20.883506984511282
17.934972667101288
15.607136732996667
6.201278351903548
14.775090277327758
15.80211088372566
18.40854872422356
22.6473290032915
25.00572917531707
25.419929514495877
32.251649036594756
28.799826741841905
28.23561158432972
26.610848524463275
26.91003640318537
30.11922085580539
36.37565802691806
44.51868984809231
50.46353740230613
51.99339079951011
51.70666616401024
46.71666860173783
49.3678018474424
56.522466718231726
58.45606067822484
59.34982251229238
62.870099053522246
59.819729493620805
59.15593335645292
61.548327040847404
59.12650750522813
63.22163838228789
65.26710262706506
67.06726250180942
69.21992485151523
70.33640783615907
71.79920322402145
72.16280072078708
73.02822800540156
73.5415895752664
74.7845582910183
75.7491573278433
76.6882820986564
75.90306529376056
74.61257377812953
71.19426332367672
75.87839181729517
73.76940159993181
73.75869627989924
73.42118197122456
71.7950217183941
72.63136128224848
69.23189964333497
69.66239317102796
73.86548714672989
69.7909225788077
70.90699078182023
71.88474765935946
72.50146224623553
72.72118018048528
72.76660787621832
72.46484940230376
71.95531450808039
71.58814825172531
71.11778009590026
67.96812043841487
62.63113008187438
53.90934733825365
45.336086018555804
40.619512410383365
40.03508116023913
42.82213469633349
48.27984560101636
54.3068624239214
64.61816129331524
66.47998432576262
68.0320172347449
68.74806676005356
67.85841144706959
67.13530047006103
66.86472603273609
66.95833219551702
67.38196832425636
66.71119539041152
67.15361646430733
67.53017974168245
68.16882937581858
69.95350266644631
71.2070665461913
70.42534807315053
69.74520014595839
68.15467471631727
64.88378984698726
59.54255210370222
61.928123240664966
63.803423875001585
67.03624552076617
68.83139015518829
67.09914049813531
66.45886977962196
63.55592319419514
63.9055528369304
64.11674376282491
64.10861661676826
65.32788455624714
66.18271923580097
66.66830960923015
64.55595364699037
64.26749117890911
61.46506513138776
61.615405103202285
62.34432230676908
65.24610610917479
68.19451811210138
66.78560013218754
69.51668833320063
62.41401531178842
57.39526124796642
55.579074228283645
48.87651071357226
48.83988008084624
50.30833102369417
55.37037197374335
56.592595622859655
58.1167417267161
50.76433306928043
46.88270438983983
48.855720483513586
46.33649332116476
47.82506927532476
46.55493037620906
45.54776104978355
43.592856351852426
43.597441455680745
33.22185255436014
25.94376696310731
25.62401275389783
17.015245588142612
9.518483562938547
5.173360159697328
1.536479140939145
0.8140965995984514
0.7357486764363577
0.5260364355991979
0.6546158485490735
0.5774605456874684
0.2817493452492997
0.5679879187041198
1.645941890363761
2.121906730980942
1.96201624339134
1.7666621799047262
1.7790897606673528
1.9938932513737555
1.8615862410911448
2.7191911974640095
2.929638094100962
2.6925353755690975
2.1080584567539815
1.2343836087281048
0.16077430826113812
0.002523361766060895
0.3636199262042997
0.885483072026081
1.3565927942077705
1.3633438646693294
1.3740530199982124
1.2339122415792918
2.0147979471292365
3.1867789569227973
6.515658679668085
8.85411810484553
12.123565069678591
15.706208494349244
20.835598316481562
28.58948597319155
34.509148390322295
37.83507767845425
43.24153544026153
43.46120129871175
49.39298217739338
45.26739345435478
18.196689456927146
7.106477674049755
6.755603293845158
7.544553248545032
10.37218765317589
12.466679397805493
21.4055911326414
21.16584770829247
26.0479765086027
32.18737483575393
37.6269327532434
42.1052158328858
51.027668523087165
55.82711868120234
57.86094906332477
64.59916696651135
66.95089350853448
69.09932381419787
72.68864618576302
74.45298886596947
76.34536809105816
77.11033637774112
77.5618423418056
77.98384422203684
78.04845061118829
78.40934816559228
78.41707880255832
78.23602142433273
78.34493519300452
78.04421997773046
77.62978465019341
77.65412397624658
76.65009972319142
76.58030184949364
75.37329493202564
74.89674242313465
75.49650833719211
76.01196456769856
76.45202544722686
76.53619496042595
76.6276459133959
76.87206370182162
76.87478910529987
77.30392257793712
77.29454658561411
77.48672539506774
76.84341619615924
76.43547496772993
79.8683119503262
76.38274455183587
76.78202638871107
77.0802779163049
75.95494314990567
75.67922816000844
74.67167631673928
73.4776687322728
72.04975108994404
69.00769046890827
72.12895009271678
63.66119426550824
63.38347404120748
65.27624302675031
67.6747750115865
66.2532553873716
67.77639498742674
66.78961123402257
65.98009767995339
67.05397664573938
64.00191227863459
66.99761581936268
68.72109975355457
69.5859254359556
71.2076513061521
72.43887142595295
72.63178944036123
72.26108125014069
70.75847879235964
68.40416195386223
66.16324651406084
63.52747073655577
61.73694077444088
56.75685634031089
53.231020520393756
52.818112194095555
53.50691652171761
58.35366718015457
60.96719559402149
61.279352514502904
61.54773354600225
60.9511592209628
62.546786526126084
57.56407735980375
55.36920833009059
55.00723311245891
57.75920123340072
60.709777436316784
64.33119552429196
59.9828132316464
49.13463926774966
49.02042211892032
46.39639284760701
43.03280607040473
38.80515614213841
31.715499920043925
24.146335465893724
17.942631908900026
18.82990249209893
18.88334291802869
30.770680754717226
33.76895818438493
32.3311438614757
30.924858123242412
32.08826222672749
28.273640099305965
42.70699701668582
49.21569642105631
44.27299323868614
43.18820914677749
39.24675735156393
34.78413985441801
28.338259125626784
21.836610575604386
13.423466864928558
8.30413542568709
3.54594726634948
2.04398686380279
1.3731641679806454
0.0014374372753228196
0.000584253673848291
0.0
0.12900566856980894
0.4650351474368294
1.4088459874965735
3.1758366786196004
4.640191917742457
6.175105954653804
7.574231420538357
10.974220318693598
13.175563656893402
15.7766290230902
18.593820387953915
20.773391281006255
19.31050927777584
15.014802158237563
10.908863709280487
8.414670846349573
6.279130262188021
4.656723274225886
3.5104724878433755
2.629494356515349
2.6882901241593675
2.598030395493621
3.7548173076166975
5.662488392075046
7.0699881658938635
8.215485016732622
11.953799598375562
15.898656109859989
17.964487353115405
19.734866511537984
19.59989317493694
15.240998210218342
11.747514240173485
6.911187929724589
3.4984273740010665
1.7044855558265852
0.3549028700759419
0.3055740856047344
0.5253987891225098
0.6879163921943697
1.0496869263875215
1.6115602672640426
3.160505077883059
6.086129724856301
9.790792577980303
14.248180059932002
20.02268982753533
27.200591022238772
34.90358475584968
40.33708546356753
44.181489892491435
40.6041809230108
43.09947932254192
28.0858158933114
27.10223382643469
28.426169904459847
29.012468338940963
25.98644461701773
30.130331935991652
27.16626822725391
28.101760401816577
32.39270372387511
29.298998660687598
27.069873504896403
27.454337265104257
23.009829018965288
24.447006244630238
26.757489218900904
29.0460409180114
32.39802226239018
34.08254768807406
36.833508713717315
36.20079454059888
35.348602371591134
32.753333296653864
29.325118121023035
26.061127886176592
18.139070012504092
12.288056674825832
5.445821668254345
3.4200751531491296
0.28010339151198566
0.006624303601682231
0.8120725515502383
1.5284916009389493
2.235340938566536
3.1122267466300215
5.049892285389716
7.603276441363979
10.259988389042226
11.944812880273783
12.262548952409675
13.221584531092732
14.807983407890772
19.69211887248627
23.51815736833687
29.92807427784041
30.395791405102496
32.49116514710253
31.826200251423916
19.094382964110675
12.800884430463501
8.867849481144649
5.416336910021629
4.272384848837268
5.717117439902075
6.438805999683182
7.365720670143968
9.360349802050992
11.47171118343651
12.079690984925302
12.531250170049091
13.078911016866938
14.720615580130731
16.951231728100016
19.486996988063304
25.199489429084366
30.922763727394575
37.85835094146504
41.59937805784381
43.20679058856432
44.52834007970356
51.28647020734607
56.464477889260124
61.8111300106404
63.956487930440325
66.81780153456377
66.98126641598783
67.42370680164166
69.5735532878724
73.37333675586636
75.59605833503444
75.73584792244533
76.21201095042136
77.29720252645794
77.8861050314263
78.41937322917686
78.33127031485381
78.25627432055971
77.95766157759925
77.23940925622121
76.8113008539518
76.85282961449617
72.55475512428286
70.66201718613407
68.47979095873757
65.24247686068858
62.28603490266046
57.43318920373411
55.72920559037884
51.92578044970976
42.61786245840679
35.78043400066497
29.537443965177445
23.846580996714113
17.765898054676352
12.95666737241826
11.34280519076832
11.269593093020937
13.05593330086133
16.491641854104145
16.919043470054017
20.434397447827276
25.25837718675757
27.33546492223602
27.67543087921168
26.714870539752546
29.434406043650448
29.682783073655926
30.198146063190137
38.10445579594543
39.136980919845044
36.255305504504854
29.90992881422856
38.453923106037024
38.82575167280591
46.80693371600487
51.337587737211706
45.15492065113018
40.42798286737548
37.85651444038893
30.90052719560155
28.411123154626548
20.76652186361677
17.883512337912467
15.88210501007099
17.356442923565357
21.84632262025912
34.77626323077665
37.846592230743084
47.70089189987515
60.72316041511884
66.25736052784693
69.97856569272066
73.57841124030053
76.23151972780798
75.98947385159867
76.23833491158254
68.54576443975122
72.23935453115826
60.7399536677125
49.52905243192104
36.2493872019585
26.171453591576967
17.09411034060878
10.43983489464699
5.3502039333289915
2.649436741439983
2.7554344323296345
1.809574196550395
2.1315417723423273
2.9097560152918014
4.5239774260045635
6.80876659688845
9.578217143034914
13.84286636208813
16.76542404823845
19.980856575145552
26.585040552373318
28.908559721271043
44.68965274643822
42.932225548261314
36.01229249443168
29.17447655060723
23.09027460569247
15.139910518336592
8.71442955834275
4.822994095532441
2.0074267285648504
0.12156075873168487
0.002389622930235962
0.0005494370276120811
0.8588150328540577
4.260856452017484
8.867501390682051
12.131613088490843
17.477146461462443
24.09702260404265
26.13814233389294
30.04635497517291
33.840991535840764
37.38310061423169
38.91102685917353
41.65631937878709
43.73411052450712
45.55048388618453
47.76319855047709
49.149697512554354
50.41301599612739
51.28791780826228
53.02967980207834
54.10833808704172
58.74569466770461
57.86024445106707
58.13730438728604
58.14423542993696
58.76748909461997
59.19459625256068
61.87905212370234
60.4363371454916
61.692731164422895
61.529247042170375
64.7371708696158
64.57936683476302
64.7792748526808
62.95777229469138
64.21255798634002
64.37829162058281
64.93961816767158
67.42055912462365
68.17677370083602
67.45076265134861
67.33933410481582
65.43372853397493
62.90288699254724
61.58384259265272
60.358089585314985
59.17643630898005
57.39350795696071
56.41088556558598
55.54079982199784
58.00376398982988
58.21473522703791
60.715761821709066
61.80870139277316
62.3576873083673
61.53444069017975
59.89851567380592
57.58976618942391
56.02756751574056
47.71335121770637
26.98437549728243
17.077415163702945
15.543589172335274
15.6412668146186
16.322302375147192
16.36383003931826
15.98079667381176
17.150818108049695
20.91962583190956
24.34879160937213
29.0144876882665
33.189291411770405
36.83615083814237
40.71235421067146
47.38974789143674
53.56890426021502
54.76132691177413
52.99734074111901
57.27186234607504
62.93494870060641
60.552767119853456
45.273332471166114
34.37942908908962
19.808312425966754
6.011980181314904
6.480450954582102
6.542048057220913
5.500962195196555
5.177655167463504
5.447442844988891
8.472928392641075
8.39730341716962
11.561407868428637
12.841170409414982
17.26581230122113
24.630522796851977
35.77214488341065
45.92158127506574
51.37751680090901
53.1936689968843
52.91578022292096
48.39010432704235
38.80885127203913
25.3045717620626
22.99490739669143
13.774218228624331
8.025490762871478
5.603960142729704
4.234619716760219
7.308659691251797
10.387496654869365
10.56809123044268
10.12126180947178
8.249024272432525
8.777527530770723
4.557813071847917
3.833235813657868
2.8524951853831
2.414546717959745
1.3368938288996506
1.3748357495963228
1.6346236068680378
1.7268179628001024
1.6190087838883824
1.5055463539892973
1.090960180244626
0.9653392998278943
0.0345968128207696
0.0
0.0
0.0
0.0
0.0
1.6806278397039174
0.1122830533800881
0.6957645426660044
2.231980056663347
3.4699219842110853
4.704721268471056
7.169360806265773
10.973928986413805
15.172770590499203
20.957300562271
27.81239737048248
32.51668374175893
33.96122222336335
39.115072319462286
41.93753105871069
46.19931662687269
56.40738179150285
61.82906927243345
67.38605095444083
76.13293831741358
70.94176901568032
71.91269496363421
73.73061836284124
73.9424393595494
73.82696636615314
73.06399735053974
72.79982586686278
72.1985748115797
71.16164600441488
70.60819926858655
70.47837919073744
70.37071648720553
70.40124438797241
70.54346593561989
70.50596233746106
70.23929232803735
70.05530267211412
69.80217898042837
69.06440722695177
66.55806285654755
66.47997436267624
63.437793459326784
59.80731360013634
56.76876102276222
54.33978020497072
50.92824938014241
52.78653228928314
48.18044650950512
44.22709876572301
37.2782784946429
35.40241107764488
37.31174190389606
41.90905578389995
50.73119057770609
54.741877072001714
52.85457145423448
55.87846029303924
59.69773321355772
56.92641524994649
49.147721393498834
44.50578433654169
38.71242061337247
42.916528377208735
39.58907521801292
51.55582766089128
49.00182203020226
43.82205491159794
34.06108625240956
12.882122192127628
8.253267494896866
5.096193430196387
1.6612078176936058
0.4598065640797911
2.481388436750424
2.780200007170236
1.1173583159954796
0.9734036378670968
1.1305387218796552
1.153684210637829
1.6614265677405793
1.7536478619743403
4.256640314353558
11.76640844952788
19.122814988239984
34.81272667127264
47.19273823499945
56.04778028045634
63.41403459899456
70.30198816194493
73.5359654244596
74.5783526885497
75.22592692995804
75.14889828705952
74.54011755528988
74.09838614384421
73.66485507264277
73.84220676725052
76.60989654215588
74.39663832030875
72.68513882988819
69.03051102372645
67.76136390529669
64.49629399202685
63.28021315034007
54.140828170293474
61.80386297306809
62.98270065323768
57.526633169022006
60.636873105777184
64.91883450205239
68.85021892991894
70.96952204090644
73.35544364802911
73.79826842585915
73.14594003354625
74.62788426488027
74.92525108498894
74.47142256404351
73.89212492014488
72.47434140015086
70.14107646963629
68.61080715569734
68.68056843836008
65.85187619110965
64.43711826163101
61.13466372943554
61.75946652149527
59.82579555787685
58.58181841759139
63.31189707219488
60.36075812407261
62.1912935348947
63.21861045965102
65.78438841589929
66.60377988922686
65.1558742161423
65.25869657153422
62.22895661302222
58.549851934175
51.18852791659327
51.39250212332836
42.85927387970072
38.33655260532295
30.27780692260426
27.236946361936788
21.01886324741412
16.02852895953636
16.79720440896164
10.26799475009176
7.961302970067957
6.249093837549318
4.847457486418316
4.086093480072057
2.744589526033512
2.0458186405420817
1.91040136707021
2.505603035451304
3.573637542989858
5.236762750993272
10.316180151004392
16.122135199102402
23.42550484065189
30.8995932519977
37.33965158315213
48.24005590452132
58.66275750526471
65.15118815266605
71.07847421462544
73.35005619183227
73.21925010977739
73.52339019371006
73.77641392941199
74.55497093224436
75.45261261003044
75.86213837687741
76.06708411686748
75.8987183283298
73.53229618281186
75.82114562099639
73.3059289302497
74.16641492449673
74.68158111686635
74.78664014653813
74.80517486485154
73.19946220540429
73.71625830055922
62.86562750651643
49.45805358575348
35.42142188119791
17.474889071381284
7.669536016024447
1.7437554553575756
0.4668578614442696
0.3744083288441953
0.4666537554908194
10.741493473119402
12.999045781000198
15.788983866028182
18.871918866452617
25.030432108243843
32.503247808184625
33.5611765607943
37.17370133176909
39.08987689736848
41.3581340526609
48.98344785545302
50.34290326527293
46.76357553734432
58.23272281013871
59.34493821309842
59.52435236273912
57.64013097016318
57.58853133944854
60.248300555606754
61.73409495973455
66.50677973719375
64.58694419936081
53.77974928441324
58.60413306851835
62.43165041980973
57.978365381968274
64.63254003366447
66.95800045235323
70.73524637223538
73.9149230864102
70.7216089393598
71.8016147974194
75.08954625241375
68.12688584778881
65.78496449564761
60.60147665829824
59.646033100778574
59.68685989981198
60.964358571637966
62.210544264558834
60.41082430975285
60.008837989491816
54.36369020186761
48.634490114867816
48.06774996975712
43.27822861971308
49.015976409478114
54.05026179343698
60.8288239906866
65.58891040356124
67.4136135459759
69.86523915113966
71.42132715122284
73.52151924484083
71.72353176398178
71.6152517533585
69.69291285043593
68.66817657187218
70.69073592804644
67.27040285319347
66.68314537635779
66.32256741742812
65.82519739439655
65.10987858486236
65.6176568797514
68.78161010754059
65.36195638712937
57.18322204339443
37.6421455286757
35.675690600424744
35.56703852080663
38.95872961192853
41.75369669394
39.5908111376059
42.36692603342698
33.750000462830926
26.42572159713859
23.653990778897658
21.07417722973839
17.94000636642093
13.93407259356368
15.898690086011367
14.452242147020913
14.49341165199047
15.0497671478611
15.435186763548526
15.64306455760067
16.466551841057143
19.14659032382365
23.34684140162513
18.362791542994835
15.8221848200077
14.322540787269771
15.589158900235656
18.45249315746516
21.21153114930763
23.64302775756084
33.88239416291142
39.13483284259376
45.78955558183129
53.81541007712544
50.17786261835402
50.35071229073469
51.3358819603928
51.20048469153883
45.00718300678571
33.732284204875725
29.59393022194708
12.993746216521052
12.155607576760207
8.647895289390116
4.60979666432023
2.3818145404110203
0.0553280406482678
0.0
0.0
0.0
0.0
0.0
0.0
2.6476061159820627
0.0
0.6017206776910149
0.0
0.0
0.0
0.4528592874731447
0.0
2.019743535040537
2.369340231349483
3.9749442491370055
5.590655244775747
8.701713418025873
12.393958451545712
16.727404541904683
24.344731276447384
30.888279969203
37.0136837927039
44.27480128857002
50.40451823506345
46.07756884105009
50.07310585306786
43.89298040001386
46.26680698703071
43.3804411773305
35.64672116106843
42.24249278475471
39.64694183733834
48.362730411025794
49.36054280067928
48.15063712108639
44.02700507173637
40.953174722506745
35.562315015999104
33.73984696165629
34.14551613137151
34.37471610499296
39.79762024673333
40.36547068164767
40.10787466138628
42.37415609335624
45.7710864824305
49.23639661944416
51.96000262301744
53.42330244653913
51.62510650067284
45.51578405244214
35.84704869647163
25.129578658561417
14.747973640305938
6.772180282698585
0.0
3.4163683218883483
3.8690630758954274
4.367343620540391
5.1637267147959225
7.070705615395368
9.690284540291875
14.767265155282592
18.74174365371932
23.752192285404394
29.66682307313497
27.84087037758784
31.830380745793462
28.323448340158155
30.596869598448844
25.924510561845786
20.54719013685829
18.77782495649837
17.253983050810938
23.482039935275147
26.77881643938176
33.42250032273086
36.06489213388152
41.62306936385772
51.45777769110849
55.19309946035354
59.16912937593822
61.97539613022819
65.12027953677404
67.03413449621443
67.72661213150481
72.49781739541879
71.36445526465575
70.39759328562403
69.49899831084888
69.67589201403565
70.19444960993823
70.47351018223503
70.58701997548607
70.50778086165303
70.41159814687799
70.63896787280615
71.03084808826421
71.4208996314023
71.67221265101597
72.09587968890125
72.10132138785035
72.37487372819986
73.94404746388798
72.18737804514993
72.1007556263022
71.22921495863957
71.95794802999214
72.00915793140449
70.93718227274735
71.30472662367063
68.97247172286274
68.11343152484204
69.73398148284453
69.66732949090228
69.5943173955962
70.77423058707156
68.74334273911985
67.16930232505484
62.89888404065575
58.219648490643216
58.328567715923526
51.16660459116135
49.9893796477154
42.65069009111057
51.3220825233497
52.249462678234295
53.11990658837447
53.310322839766044
52.99331194784191
52.14589660801409
51.00593023737632
50.12207645630097
47.819553285813065
43.79964582112493
42.22517883899072
38.21377537273306
35.26816488775682
30.321787360770053
22.08566798612174
18.49338115374316
13.909851170269816
9.758148332194208
6.048195567004734
3.303961465442717
0.6668256621257131
0.0
2.346585748219017
3.034088168601621
2.67748128717418
2.5117973655963546
2.704448616047982
2.724635641293497
3.5183785522494206
3.068431815849145
2.9443599942460525
2.620285506717245
2.329389840995016
2.650253124323143
2.4925324672889766
2.517216856057721
2.9022040743476243
3.579658761240833
4.260336510192475
5.633578354859546
6.577646737611607
6.623589651225877
9.449760569134384
9.691889750820824
11.390450515053807
12.832570501435391
15.80573470059003
26.04714428053976
33.07872366889418
43.17999887016661
43.84888026555408
47.41162975143118
52.887511643924334
54.02049839417417
56.51377450025932
57.362772692061206
60.58466174522725
60.70265904461282
61.67106722333401
65.66745636792416
67.20011587900316
67.58243631685289
67.81241430933868
69.9700720521105
69.57940128862228
68.51014631380605
66.74867758065903
64.80117196007959
62.92225731762655
61.6826239953721
58.14316958082093
57.4566575347343
54.05047540876271
47.887787970692
50.29041755175106
43.24458980685221
39.74134732466347
31.949111150460496
24.127077112209417
19.87369644826148
11.698228710683336
8.738703201853562
6.673282329255676
5.552244414299505
5.855344694589632
6.476589151591528
7.730743466721371
6.946631572579045
7.237590890493282
8.38869028184848
10.227982006241174
10.980830287964231
11.705002312471196
11.999203827884068
12.617054953158906
13.522068472019336
13.7868575004351
13.525369595461273
14.003144056619696
12.72515741511307
13.92195642286891
17.82489180046167
22.368695569509104
31.25409909125981
35.67505036989486
42.33009214147781
58.73041238099111
61.70634527312845
63.306437941763534
67.71822371896941
70.42980895812182
71.9089149514487
71.86198162192599
71.60556261006495
70.07743312540897
61.78236960196469
69.32756698304541
71.73330787858316
65.63421924027132
64.23212813091415
61.91081166333144
60.07472779032986
60.14305563886058
61.89955726688396
64.26137204253752
65.4185935303091
67.32155018394599
64.28719950608037
61.98925221880246
60.617075492752726
60.12374818207523
51.57014904159477
57.98343588954848
58.46417936587239
63.333757250169405
51.15242799824667
51.77243062224886
44.574338845604906
58.5804631696913
51.349494746577456
58.22439301883304
56.722351623975385
57.37805342733881
55.22666363171693
59.44960704428647
54.85406224219911
51.459479867518375
57.73497898299738
58.21128151767248
58.887833552927866
59.29204607411841
61.30952203003008
62.98208154307119
62.99872742043469
66.38592570834182
68.05717667098332
67.16062175953527
66.09079302604823
66.88211563377082
58.30446724021669
48.41819318142791
34.362210021778736
21.52859009507793
15.37082756153783
14.7462528160168
12.210524815838006
13.663376900069355
13.635241788975945
14.94006939797459
18.50180875314422
18.23286436973841
29.109035831951505
38.18360037416461
34.81112093975927
33.820087637731525
36.54059264018486
47.703424451987786
53.81389859879853
55.7393699328246
56.632674374174485
55.95774063147071
55.95662652129698
55.42936126353692
53.841475478349366
51.480535363849256
43.17882043947208
40.58265625145569
37.69385864403053
39.28675956687896
40.9224342043362
41.36673720641939
41.20902273438512
42.9552714721416
48.72560598257505
45.78663130741101
37.57370230716478
47.70317791882983
46.27120925186619
45.69118317625686
49.33077593749892
37.71981018794702
44.91253575892647
51.32570159996712
54.48543213739986
59.892259118408
61.05990365800804
63.04102809934761
67.1797977083852
69.69423898293697
70.12036069252754
62.57238334237256
70.20064893695783
69.93764684239187
70.49761455936522
74.49111207626163
75.53174667202335
76.34309327422488
76.25641335199678
76.95518652126754
76.74705962596403
77.02574491000273
77.2377849197624
77.09417282859116
76.81325230617666
76.5188272037271
76.33462144646134
76.4448298384838
76.61063301110138
76.73115221043733
77.07976990973522
76.65981801968277
75.30856539264839
73.06133458209955
70.4319262593907
67.04144696412062
65.99249618929824
63.95872905998208
62.830796659860496
60.58409247792226
59.31616041499285
57.75953051574923
50.37501647338452
55.35513421802682
50.811975989441066
51.71728367720444
47.26169002421859
43.07403409187099
36.19162605153359
33.91280965158112
30.08800246241072
28.058306300196787
25.787402042688992
20.700963553305375
14.457515273623232
21.357631645401447
18.43580424301385
15.102360997221044
12.600652265843904
9.80067157787346
7.5255472370057905
7.24063768725091
7.486211488747141
7.220495487972741
9.360155743472186
10.50367966427039
12.559393425508182
15.781432990135873
18.800711589180544
25.2023880345975
16.261739209829262
26.20430303206616
26.26440231037277
27.460228909515585
29.162206631925983
32.607203450288544
36.03378256805159
38.76081914353739
43.86916887150368
47.57589526969364
49.08824880199407
50.02033859179142
50.74817447535968
49.28641405599875
49.972266884402906
50.170412504981954
50.7305852213202
51.087682791961264
52.44112445374369
52.40208098482758
54.604655625148816
55.29444354818461
55.92371613488879
57.59223037977787
58.10901614812524
56.84260687261196
56.815532122352366
57.15368229074152
57.81429617933577
59.222288821583774
59.89152779620255
63.37373480064542
60.004260798001184
60.09930437235192
59.98877647829137
61.2702204635004
60.08227679828236
56.40697175404457
56.29913488289642
56.90207741442958
57.53875371025457
59.62566843147516
61.1660759314519
61.52176415015398
62.07007099089554
64.69476244764523
66.97901731672988
69.02754597639283
69.74753018829259
69.95405930154656
69.20109942100711
66.22939662677884
64.35547875717617
62.65892167702378
57.75191178241295
53.57800932355288
51.856305069525824
49.60344916118212
44.7449681188274
40.1576838786471
32.17124757484736
27.28563431271348
21.80160650882413
16.966748860737084
13.650386836225316
11.85908054805212
11.63832343042802
12.87333205199405
12.319329528898916
9.845391758699323
5.758100164606243
3.266145343266338
1.0896036058060727
1.723842720437058
3.0031687028951968
7.853461805113223
7.190750989618989
18.95867176520593
34.76910012309015
36.36287528762249
46.48237610164623
51.77253434636876
54.80846038891689
57.15213546049486
56.7295134189851
55.08692022793164
50.71355593027749
43.53145344223453
32.72953277979931
27.177855526754
22.034342934716964
17.04804967918502
15.218586549804323
14.245298327349722
13.043907826410727
9.416555881260898
7.901578968446975
6.136245820501866
5.601185353438867
4.345803215931143
3.819090730501144
3.3821809744074103
4.124231029455534
5.177931080177582
6.949412995836074
8.039193256161763
8.445079649711797
8.26593926178823
7.144832563913981
6.06683025705846
5.361276621639445
3.9683117167756174
3.796410326836104
3.1422607982789548
2.17789546646429
0.3612629990314778
0.2125076874671879
0.0
0.154913000689948
1.941615689885941
3.323353609816442
6.785529587919333
10.115372999540815
14.39627440956494
19.31649707752166
24.21114833420081
29.460641247463503
34.64979206794253
40.2847483483266
45.7277300432978
48.654623298398775
50.82755584011844
54.55454120482013
51.43758326309021
53.02343786212457
50.63731479759309
55.89369760695565
58.96496999667589
62.43418133505819
65.00733830054786
66.96138108079698
68.18387416192662
68.90012702748581
69.759905626797
70.51267836862104
71.56087202910719
72.69594775479054
75.14630763407482
73.88701254499134
73.58443837064229
73.96342188543268
74.29090850881407
74.67797572998788
75.04936615071881
75.0660860303606
74.79901936397378
73.93435617838864
72.68065004519895
71.26139378278106
69.71199871505976
69.18983758145193
68.96252202467012
69.55716323107737
69.93267889666076
71.45524259034556
71.92387138077108
71.77191489643444
71.54932617449298
70.8279236136722
70.29816988194739
70.22767821906157
70.1931452763565
70.25948139148392
71.92743395759305
73.24444543726783
74.1133882203805
74.7318503308954
74.70359666112945
74.78105463333361
74.46573657566105
73.52059948395375
70.99019579612089
70.38090894452145
69.88771618415484
69.23256380258552
68.67833218315847
67.99560240332265
67.82849867393264
68.63827626410055
68.74285113758799
68.47905008822418
71.55403840736808
67.54639505511986
67.53859203684749
67.61082028903645
73.07489268702635
65.74808122586538
65.95071555721204
67.86232355641086
70.27745744647805
70.52967912056523
70.223008525869
68.93213975243629
66.25101823942448
63.66897355528438
61.95077203212795
65.24296511656246
67.31370568342936
68.53655659969144
69.87300866869383
67.46259551741744
60.291684056709606
60.087973640408215
56.00181924401321
53.32442005468448
53.75370488357483
43.81196075909685
34.28362250185195
24.92318678275164
18.93728602774313
7.958979039460881
3.880034010688852
1.5213511142099585
0.663562428573358
0.6831543489924043
0.859732902156711
1.7546436604455886
2.140037521317125
3.0001307830950954
4.047569958318922
5.7220469981383095
9.162195272912264
18.893876163896707
23.22378224845077
35.89611270926782
41.14195196985571
40.41745465176208
39.69974257626284
40.53643674679365
33.894890828611345
32.51711526509259
24.499934933274908
16.997381071025185
8.333167068861979
3.382029038327957
0.6340066435861468
0.189788691625026
0.1638232182105836
0.4058576213504923
0.955229942146954
1.4966128388442943
3.21814817959442
4.618709673096996
6.245800500981279
9.867082017067878
10.99058690083473
2.592367589542192
10.198543588424766
9.749802544690318
9.003089821513113
6.89705704511728
4.032058415502437
2.301495526784828
0.5045188502679132
0.231756864131639
0.2857099490721491
0.867942291909319
1.688551778828373
3.0513312468273472
4.366012071151978
5.33881861909457
7.187499086604572
8.016572822636352
8.379901534881386
7.631380519951469
6.808804326090009
5.69137761089744
5.479698232462517
5.541013470379672
5.35524744491323
5.655665787688536
6.45341175240031
7.349250714842158
8.623473874824269
10.858221057791257
11.415498448695184
13.346647493787133
14.79508033308954
15.403592067783434
17.534274979627686
19.156081595416325
18.21359248598012
18.02718168415772
17.866288183461922
18.008719413585975
17.32176004116136
17.49291613724498
16.711726224092438
14.561820044876084
13.00585779607158
13.296391780182624
13.58299176535439
13.08778316794456
12.09333877837709
11.38431263910171
9.500552620028492
10.372795578457442
5.934002786190349
5.836792890881452
5.869690377234557
6.462336960432307
6.390563694233664
6.431515682905288
6.675807965505996
8.972012158874179
12.393734673464031
16.535086416327534
22.772090898231053
33.74398221375752
43.33240885684616
59.73766776578971
68.81092834560444
71.873940431488
73.95049946128863
73.6099193568839
73.05993863179643
73.8208675804024
74.1569161733215
74.46578059008222
76.68684418827426
74.1837047278033
72.90307986764684
70.62841810628339
68.70443624261884
70.09051287953048
66.78506981400811
64.06209870813869
64.4942053961512
68.63162776997349
66.81729548711102
68.48138383154733
69.87803197474207
71.06464823797072
71.19388820815486
70.049986748576
68.15871290529374
53.66194915963491
39.37639237338605
37.87524148422685
34.96727727737712
33.07576827594579
33.03933648917482
27.539666110879708
29.17011875032929
28.114056420542607
23.53460841774896
20.250662440149807
18.105229865477494
17.0642072525934
13.187315009932393
8.46041628159382
6.114377966228349
0.0
0.0
7.532755489043025
11.56950898864566
23.3015602876888
25.90034977367102
33.656107341850465
37.42568621802105
45.24971823318785
48.43437607963117
53.287831766425285
52.5460138504936
59.03409249413856
59.892920340039325
59.2842868372766
59.36869040226713
59.47359402785081
60.67455441325183
64.38153924595963
66.67537500654585
67.7630614043272
63.40067808206079
52.86017001107599
64.511136886293
63.76814464863543
67.86410571577696
66.55543798504512
67.98858403589065
68.21244192561392
70.64334028682943
72.5852564125326
72.93086741255843
72.12826252791315
70.22981022131604
66.52334542424012
59.486868737102895
50.68039342661224
52.255461444763256
45.60524391177324
48.26692772827316
51.00283647392996
52.9510253334142
55.98014030227656
56.19633937543092
57.074067231199045
59.140677942251386
60.62962821466059
61.17502836181168
53.93046512663607
60.13455416442964
58.66857235337093
57.51930871074424
56.646013292972775
55.403467823085776
53.75498397124146
46.65418355395041
34.80322897386809
30.064612529911276
11.970990299957426
4.844895393441649
0.0
4.458416597041435
6.226464185838896
9.06683253886314
12.537939144643524
17.71326025123934
16.35076254184087
17.329311963409875
19.080324773128662
20.76811756493614
26.97259807808504
25.32258979363625
30.46727947668998
40.29654129153767
36.7079081397506
36.83660772522684
37.68023786522316
40.50400597890516
43.85217999029317
51.07138798912769
41.62770426186084
36.20049211211763
31.15103869632717
25.718046232378267
28.37138568878891
28.55485921774008
32.503937751298466
36.092148281069285
44.33039176466718
48.82246984671062
51.97480472312978
52.77331463832128
54.66866745528682
58.52407976799857
59.43516305830828
60.70715243031438
60.355290565571806
58.145128707483344
56.083334376474966
54.44343531008115
46.37015992827011
43.35077382669105
34.59232445297749
26.65517786485217
19.37580230763989
14.47146250839432
10.236352163953487
7.881576458150193
6.536947063802197
6.297884135846581
7.770691584859486
7.480757366135378
13.58470118748518
20.975938776043147
28.79522700301097
41.51593968650847
62.74365147376331
71.89449207518203
75.03607866975572
75.76188465567465
75.54996771764964
75.61339303301911
76.11825857977058
77.95621282187477
78.26321623494347
77.86708635655756
67.10057559523487
66.02448255066207
61.33983283799769
51.255420711752365
38.62578042000004
20.85844204015716
19.06757221656437
8.250653649964331
1.7761872451136902
0.72802877227429
0.9204558394911176
1.7392256309237193
4.569587958590039
7.759735870557256
14.93387210633901
21.80917679795456
45.4698807874872
59.105208197079314
72.93706080829278
74.98698698803479
75.46363917635259
76.46210339395897
76.69886624609136
77.5742401012258
77.75389158124742
77.04636888955882
78.77850999786115
78.67932943913787
77.68623308357256
77.86748949810138
76.72725227549262
76.77278529148887
76.96580819410096
76.27011346209102
75.81153467011721
75.26459195207012
74.96966026017614
74.72833391322084
74.7547390569925
74.47654821086437
72.34167563164723
72.94985764029659
73.08128423743196
72.83397279926842
72.65994197416208
72.81346456751142
72.93810193414137
73.69716658819593
73.77306432495416
73.10482620371397
67.47426965192392
74.58980223514544
71.29211894335452
70.60767219452974
60.47874634533143
68.32185860016092
68.00604551030375
71.00412952424195
70.06747513532183
65.70496074790427
69.53306925656092
66.82690753582125
61.61377757894745
32.41645002602317
16.522312694090097
13.76930704636632
10.251800414815898
6.163145154893275
1.7268524633588476
9.440840479649731
9.555437595760033
9.62672204637894
9.73649127570128
9.505818478219332
9.649606798708296
8.705565636837749
7.498196942395231
7.325848946506581
8.332979562040304
9.279733232819757
11.484057383661098
13.327499628808308
13.776932386522937
15.140404159364603
16.75650731230035
20.436172219834884
26.428312127124112
31.06254893784339
34.649386595294914
39.34326618525166
40.53943216630328
34.75960779772288
32.91365421407945
